standard
27 23 24 26 24 25 25 24 24 24 21 20 19 24 25 26 20 22 26 25 25 24 23 26 24 26 26 23 26 25 22 19 
25 30 27 30 29 27 29 26 20 27 24 24 26 28 29 28 25 29 29 27 27 30 29 29 27 28 27 27 26 27 27 27 
25 26 30 27 30 28 28 24 22 26 26 27 28 29 28 26 24 29 30 27 28 28 29 30 27 28 28 29 27 29 29 29 
27 30 27 30 29 29 29 27 20 26 24 24 26 28 28 28 26 29 30 29 27 29 30 29 27 28 28 27 28 29 28 27 
24 29 29 29 30 27 29 26 21 27 26 26 26 28 27 28 25 29 29 27 27 29 29 30 27 27 27 28 27 29 26 28 
26 27 28 29 28 30 28 26 22 26 28 25 27 28 28 28 25 26 29 28 28 27 29 29 26 29 29 27 29 28 29 28 
25 30 28 29 29 29 30 26 22 27 25 24 26 29 29 29 25 30 29 29 29 30 28 29 27 30 27 28 29 29 30 28 
24 25 24 26 24 24 25 30 23 22 19 17 21 24 24 26 21 26 26 25 26 27 23 26 25 26 25 22 24 28 22 19 
23 20 20 19 20 22 21 23 27 19 18 15 17 20 18 20 19 18 21 19 23 20 19 20 22 23 23 19 22 23 20 18 
25 27 26 26 27 26 27 23 19 30 21 19 24 26 27 27 27 25 26 30 27 27 24 26 24 28 27 28 26 26 27 24 
20 23 27 24 26 28 26 20 17 20 30 27 27 24 24 20 20 23 27 20 23 23 27 25 26 24 24 21 25 24 26 28 
18 23 26 24 25 25 22 19 15 20 27 30 27 24 23 22 17 23 26 20 22 23 27 25 26 20 21 22 23 21 24 26 
21 26 28 26 26 26 27 22 19 24 26 27 30 26 27 25 20 24 28 24 23 26 29 25 27 27 25 24 26 26 27 29 
23 28 28 27 28 27 29 23 20 26 25 24 26 30 30 29 23 26 29 27 29 28 27 29 27 28 29 29 28 28 29 28 
25 29 27 28 27 28 29 24 19 27 25 23 27 30 30 29 24 27 28 28 30 29 27 30 26 28 30 28 29 27 29 25 
26 28 26 29 28 28 28 26 21 27 21 21 25 29 29 30 26 28 29 30 29 29 27 28 26 29 29 29 29 28 27 25 
21 24 23 26 25 24 24 23 19 27 19 18 19 23 23 26 27 26 23 27 26 24 20 24 22 25 24 26 24 24 22 18 
23 29 28 29 29 27 30 27 19 26 23 24 25 26 27 28 25 30 29 27 27 29 27 28 27 25 25 27 27 28 27 28 
26 29 30 30 29 29 29 26 22 26 27 26 28 29 29 29 23 29 30 28 27 30 29 30 27 29 28 28 28 29 28 29 
25 26 26 28 27 29 28 25 21 30 21 21 24 28 28 29 27 27 28 30 28 29 27 28 26 29 28 27 27 28 27 26 
26 28 28 27 28 28 29 27 24 27 24 22 23 28 30 29 26 27 27 28 30 28 27 29 26 29 30 29 27 29 28 27 
25 30 29 29 29 27 29 27 20 27 23 24 26 28 29 29 24 30 29 29 28 30 28 28 26 28 28 29 27 30 27 27 
24 28 29 30 29 30 28 23 20 25 27 28 29 28 26 27 20 27 29 27 27 27 30 28 27 27 27 27 29 28 29 29 
27 29 30 29 30 29 30 27 21 26 26 25 26 29 29 29 25 29 30 28 29 29 29 30 27 29 28 27 28 30 28 28 
25 27 27 27 27 26 27 25 22 25 26 26 27 27 26 25 23 27 27 26 26 26 27 27 27 27 26 27 27 27 26 26 
27 28 28 28 27 29 30 27 23 28 25 22 26 28 27 28 25 26 29 29 29 28 27 29 27 30 28 29 28 29 27 27 
26 27 28 27 27 29 27 25 24 27 24 23 25 29 29 29 24 25 28 29 30 27 27 28 26 28 30 29 30 29 29 26 
24 27 29 27 28 27 28 22 19 28 22 22 24 29 28 29 26 27 28 28 29 29 27 28 27 29 28 30 26 27 25 26 
26 26 27 28 28 29 29 25 22 26 25 23 26 28 29 29 24 26 28 28 28 28 28 29 27 28 30 27 30 28 29 28 
26 27 29 29 29 28 29 29 24 26 25 23 27 29 27 28 24 29 29 28 29 30 28 30 27 29 28 27 28 30 27 26 
22 27 29 27 27 29 30 23 21 28 27 24 27 29 29 27 23 26 28 26 28 28 29 28 26 27 29 26 29 27 30 28 
20 26 29 27 29 29 27 21 19 25 28 26 29 28 25 26 19 27 28 26 26 27 29 28 26 27 27 25 27 27 27 30 


reordered
27 23 19 21 16 16 15 13 17 16 11 12 13 12 12 11 18 16 17 13 15 12 12 10 15 12 11 12 11 11 12 11 
23 30 20 18 15 15 13 13 24 20 16 16 14 12 14 11 16 15 17 13 16 13 15 11 14 12 11 12 11 11 12 11 
20 22 30 19 21 18 16 14 15 19 13 15 16 13 14 11 13 13 13 12 13 11 12 10 13 11 13 12 10 10 11 11 
23 17 20 30 20 15 21 15 13 14 10 11 13 12 11 10 17 19 14 14 12 11 12 11 20 12 14 13 11 11 11 10 
15 15 22 20 30 24 21 18 12 15 10 12 16 15 13 11 13 13 12 12 11 10 10 10 14 10 15 12 10 11 11 11 
15 15 18 15 24 30 17 20 13 17 12 16 23 19 15 15 13 12 11 12 12 11 11 11 13 11 15 14 11 14 13 12 
15 13 16 21 21 17 30 19 11 12 10 11 12 14 12 10 15 17 12 13 11 11 11 10 20 13 17 15 11 12 11 11 
13 12 14 15 18 19 19 30 12 14 10 12 16 22 14 14 13 14 11 13 12 11 12 11 16 14 23 18 11 18 15 12 
15 22 14 13 12 14 10 12 27 19 20 17 13 12 15 11 15 12 17 13 19 13 17 14 11 11 11 11 10 11 12 12 
15 20 20 13 14 17 12 13 19 30 19 22 21 13 17 15 13 11 14 12 15 11 15 13 10 10 12 11 11 11 13 11 
12 16 12 11 10 12 10 12 21 19 30 24 15 12 18 12 11 11 13 12 16 12 19 16 11 10 11 12 10 11 13 13 
12 15 14 11 12 15 11 13 16 22 24 30 19 14 27 19 11 11 11 13 14 13 16 15 11 11 12 12 12 13 16 13 
13 15 16 12 15 24 11 16 14 21 15 18 30 19 20 19 11 10 11 12 12 12 12 13 11 11 14 14 11 14 16 12 
11 11 13 11 15 19 12 22 11 14 11 14 19 30 17 21 11 11 11 12 11 11 12 12 13 11 19 16 12 19 18 14 
12 13 13 11 13 16 11 13 14 18 17 27 20 16 30 24 10 11 10 12 13 13 16 16 11 11 13 12 12 15 18 16 
11 11 11 10 12 16 10 15 11 15 12 18 18 20 25 30 10 11 10 11 11 11 13 15 11 11 13 12 11 17 22 15 
18 16 13 17 13 13 15 13 15 13 11 11 11 12 12 10 27 25 21 19 17 15 13 12 17 16 13 14 13 12 13 13 
16 14 13 19 13 13 17 13 12 12 11 12 10 12 12 10 24 30 16 20 13 15 11 12 22 20 15 16 14 12 12 12 
17 16 13 14 11 11 11 12 18 13 13 12 11 11 12 10 21 16 30 19 22 16 17 12 12 14 11 11 12 11 12 13 
13 13 11 12 11 13 13 13 13 11 11 12 11 12 12 10 19 19 19 30 17 22 16 14 15 22 13 16 18 14 14 15 
14 16 13 12 11 12 11 11 19 14 16 15 12 11 13 11 17 13 23 18 30 21 22 16 12 13 11 12 14 11 13 13 
12 13 10 11 10 11 11 12 13 12 13 13 11 11 13 11 15 14 16 22 19 30 21 18 13 17 12 13 22 14 15 18 
12 13 11 11 10 12 10 12 16 14 19 16 12 12 16 12 14 11 15 15 21 21 30 24 11 13 11 13 16 12 15 18 
10 11 11 10 11 12 10 11 14 14 16 16 14 13 16 14 12 12 13 14 16 18 24 30 12 13 12 13 16 15 21 22 
13 11 13 19 14 13 20 16 11 10 10 11 10 12 11 10 17 24 12 16 12 12 11 11 27 17 16 18 12 13 12 10 
11 11 11 13 11 12 13 13 11 12 10 11 10 12 11 10 16 19 13 23 13 19 13 13 18 30 16 23 21 16 14 15 
12 10 13 14 15 15 16 23 11 11 11 11 14 18 13 14 13 16 11 15 12 12 11 11 16 16 30 24 15 19 15 13 
12 11 12 14 12 12 16 17 11 12 10 12 12 15 12 12 14 15 11 16 12 13 13 13 19 21 23 30 18 20 15 14 
11 11 10 10 10 11 11 13 12 11 11 11 11 13 12 12 13 13 12 18 14 22 16 16 13 22 14 17 30 18 17 21 
11 11 12 11 13 13 13 18 11 12 11 12 14 19 15 16 12 13 11 15 12 14 13 14 13 15 18 21 19 30 19 19 
11 12 10 11 11 14 11 14 12 13 13 15 15 16 19 22 11 11 11 14 13 15 16 21 11 12 13 15 16 19 30 24 
11 11 10 10 10 12 11 13 11 11 12 14 12 14 15 15 12 12 11 15 14 18 17 22 11 14 13 15 22 21 24 30 

Polar
27 18 22 17 17 15 14 12 18 13 15 13 14 11 13 11 14 12 16 12 13 13 13 11 19 12 24 18 15 13 13 11 
18 30 17 18 25 21 18 15 13 13 11 11 15 12 13 12 11 11 11 10 11 11 12 11 13 11 17 20 16 14 14 11 
22 16 30 25 17 16 14 12 24 17 17 13 17 14 14 11 15 12 13 10 13 12 13 11 14 11 16 13 13 13 12 11 
17 19 24 30 24 22 18 15 18 19 13 13 18 15 15 12 11 11 11 10 12 12 12 12 13 11 13 15 13 13 13 11 
17 25 16 24 30 29 24 17 15 15 13 14 17 13 15 15 11 12 11 11 14 13 14 14 13 13 16 19 15 17 16 16 
15 20 16 21 28 30 28 22 13 16 13 14 19 16 18 16 11 12 11 11 14 14 14 15 13 12 14 16 15 15 16 16 
13 19 15 18 25 28 30 27 13 16 12 14 16 16 16 19 11 12 13 12 13 14 15 15 12 12 14 17 16 16 17 19 
12 15 14 13 18 22 28 30 11 14 11 14 15 16 18 21 11 12 10 11 13 15 16 15 11 12 12 14 15 16 19 22 
18 12 23 17 13 14 13 12 27 19 24 16 18 16 14 12 18 14 14 11 13 13 12 12 13 10 14 12 12 12 12 10 
13 13 18 18 14 17 14 14 19 30 18 19 27 20 17 15 13 13 11 11 14 13 12 12 13 11 13 12 12 12 12 11 
15 11 17 14 13 13 12 11 24 18 30 22 18 15 14 11 22 17 16 12 16 14 14 11 14 11 14 11 12 11 12 10 
13 11 13 12 13 13 13 14 18 18 23 30 22 20 17 15 17 19 15 12 17 16 15 13 12 11 12 11 11 11 12 12 
14 15 17 19 16 19 17 15 18 28 19 22 30 26 25 20 15 16 13 14 16 15 16 15 14 13 15 14 14 13 15 13 
12 12 15 14 14 16 16 16 14 20 16 20 26 30 28 24 14 15 13 12 16 16 16 16 12 12 12 13 13 13 14 13 
13 13 15 14 14 17 16 18 14 17 15 17 25 28 30 28 13 14 12 11 16 15 18 17 12 11 13 12 13 13 14 15 
11 12 12 13 15 16 17 21 12 14 11 15 19 24 27 30 11 12 11 11 16 15 18 19 10 12 10 11 13 13 14 15 
16 11 14 13 11 12 12 11 18 14 22 16 14 14 13 12 27 21 24 17 18 16 14 12 17 14 14 11 13 13 13 11 
12 10 12 11 11 12 12 12 14 13 18 19 16 16 15 13 21 30 17 19 25 21 18 14 13 13 12 11 13 13 13 11 
16 12 13 13 13 13 12 11 16 12 16 15 14 13 12 12 23 18 30 20 17 17 15 13 22 17 17 15 15 14 14 12 
12 11 11 11 12 13 12 11 12 11 13 12 13 13 11 11 16 19 20 30 22 22 18 14 16 21 13 13 16 15 15 13 
14 12 14 12 14 14 14 14 14 15 17 18 16 18 16 15 18 26 16 22 30 28 25 19 14 16 13 13 16 16 16 14 
13 12 11 12 13 13 14 13 12 13 14 15 16 16 15 16 15 21 16 23 28 30 28 23 14 17 13 13 15 16 17 16 
13 12 13 13 13 14 15 16 12 13 14 16 16 17 18 19 13 18 14 17 26 28 30 30 13 15 12 13 16 16 18 18 
11 12 11 13 13 14 15 18 10 13 11 13 14 15 16 19 11 14 12 15 19 22 30 30 12 13 12 12 15 15 18 22 
18 13 14 13 13 13 13 12 13 11 14 12 13 12 13 11 17 14 22 16 14 14 14 11 27 19 24 17 17 15 14 12 
13 12 11 11 13 13 12 11 12 11 11 12 14 12 11 12 13 13 18 21 16 17 15 13 19 30 16 17 24 19 18 13 
23 15 16 14 16 15 13 11 15 11 14 12 14 11 13 11 14 11 16 13 12 13 13 12 24 15 30 21 17 16 14 12 
18 20 14 14 18 16 15 13 12 11 11 11 14 11 12 11 11 11 15 13 13 14 13 12 16 19 21 30 22 22 17 14 
14 15 14 13 15 14 15 14 12 12 11 12 13 13 12 13 12 13 16 16 16 16 16 15 17 24 16 21 30 29 24 18 
13 14 12 13 16 14 16 16 12 12 11 12 13 13 13 13 12 13 14 15 15 15 16 16 14 19 16 20 29 30 27 21 
14 15 13 14 16 16 18 19 12 13 12 12 14 14 14 15 11 13 14 15 15 17 17 18 14 17 14 16 26 27 30 28 
11 13 11 12 14 15 19 22 11 12 10 11 12 14 14 16 11 12 11 12 13 16 18 22 12 13 11 14 17 19 28 30 

Kmeans
39 8 9 9 9 8 17 16 8 8 9 13 10 10 8 17 8 8 19 9 8 8 9 9 8 8 8 10 9 8 8 9 
9 24 10 8 9 10 9 8 16 9 10 9 9 6 13 8 11 9 8 9 9 11 9 9 12 16 12 9 9 18 10 8 
9 9 27 8 12 7 10 9 12 9 10 11 9 14 14 11 10 9 9 16 9 8 9 11 10 10 16 9 9 9 17 9 
8 8 8 21 8 9 8 9 8 9 8 8 9 8 8 8 9 13 9 7 13 8 9 8 13 8 8 9 8 10 8 15 
9 9 12 8 27 8 8 10 9 13 8 12 8 9 9 9 12 9 8 10 8 7 9 8 8 8 13 13 8 9 9 8 
8 11 7 9 8 21 8 8 8 8 10 8 9 8 9 8 8 9 8 7 13 13 8 9 15 9 8 8 12 10 8 9 
18 8 10 8 8 9 51 9 8 8 12 9 18 11 9 16 8 8 13 8 10 9 8 19 8 9 8 8 13 8 10 9 
16 8 9 9 10 8 9 30 8 10 8 11 10 9 8 9 8 9 14 9 8 8 13 8 9 8 8 16 8 9 8 10 
8 16 12 7 10 8 8 7 30 10 9 8 8 8 15 8 14 9 8 8 8 8 8 8 9 12 13 8 8 15 10 8 
8 9 9 9 13 8 8 10 9 36 8 10 8 8 9 8 14 16 8 9 8 8 13 8 9 8 10 13 8 14 8 9 
8 10 10 8 8 9 13 8 9 8 27 8 10 9 10 9 8 7 8 7 9 14 8 16 9 14 8 8 13 8 13 8 
12 8 11 8 13 8 10 12 8 11 8 33 8 10 8 15 9 8 9 18 8 7 9 8 8 8 9 14 8 8 8 8 
10 8 9 9 8 9 17 10 8 8 10 8 27 8 8 9 8 8 14 7 15 9 8 9 9 8 8 8 12 8 8 9 
10 6 14 8 8 7 11 8 8 8 9 10 9 27 10 16 8 7 7 14 7 8 8 15 8 9 9 8 8 8 15 8 
8 13 14 8 9 9 9 8 15 9 11 8 8 9 33 9 8 8 7 8 7 9 8 10 9 15 10 8 9 9 16 8 
17 6 11 8 9 8 15 9 8 8 8 14 9 17 8 33 8 7 9 13 7 8 8 11 8 8 8 10 8 8 9 8 
8 10 10 8 11 8 8 8 13 14 8 9 8 8 10 8 27 9 8 8 8 8 9 8 9 9 16 10 8 15 9 8 
8 9 7 12 9 9 8 9 9 17 8 8 8 8 8 8 9 24 8 8 10 8 13 8 12 8 8 9 8 12 8 10 
19 7 9 9 8 8 13 14 7 8 8 9 13 8 8 10 8 8 30 8 10 8 10 8 9 8 7 9 9 8 8 13 
9 8 15 8 11 8 9 8 9 9 7 18 8 14 8 14 9 8 8 30 8 7 8 8 8 8 12 10 7 8 10 8 
9 9 8 14 8 14 10 9 8 8 9 8 15 8 8 8 8 9 11 7 30 10 10 9 12 8 8 8 13 9 8 13 
8 10 7 8 8 13 9 8 9 8 14 8 9 8 9 8 8 7 7 7 10 21 8 9 10 13 8 7 15 8 9 7 
9 8 9 10 9 8 8 13 8 14 8 9 9 8 8 8 9 14 10 8 9 7 27 8 10 8 8 13 8 9 8 13 
9 8 11 7 8 8 17 7 8 8 16 9 9 13 10 11 8 7 8 8 9 9 8 33 8 9 8 8 10 8 18 8 
8 12 7 13 8 15 8 8 9 10 9 8 9 8 9 8 9 12 8 7 12 10 9 8 27 10 8 8 9 14 8 10 
8 15 10 8 8 10 9 8 10 8 14 8 8 9 15 8 9 8 8 7 8 13 8 9 10 27 8 8 10 10 10 8 
8 10 15 8 13 8 8 8 13 10 8 10 8 9 11 9 15 9 8 12 8 7 8 8 9 9 30 9 8 10 10 8 
10 9 9 9 13 8 8 15 8 15 8 15 8 9 8 10 10 9 9 11 8 7 13 8 8 8 8 33 8 9 8 9 
9 8 9 9 8 13 12 8 8 8 13 8 13 8 9 8 8 7 9 7 11 16 9 10 10 10 8 8 24 8 8 9 
8 17 8 9 9 10 8 8 15 13 8 8 8 8 9 8 16 12 8 8 9 8 9 8 15 11 10 9 8 39 8 8 
9 9 18 8 9 8 10 8 10 8 12 9 8 15 16 10 8 8 7 9 8 9 8 18 8 12 10 8 9 8 33 8 
9 7 8 14 8 8 9 10 8 9 8 8 10 8 8 8 8 10 13 7 13 8 13 8 9 7 8 9 9 9 8 24 
