         476        1428
 (6.348025669162213E-004,-2.381342285441355E-003)
 (-1.342622222291841E-005,1.139750383142712E-003)
 (2.600002869609629E-004,-3.396122268331151E-002)
 (4.602192199821233E-004,-4.123467204582976E-003)
 (-2.042214434570458E-005,5.886249185307442E-004)
 (-8.213015944720002E-004,2.362796781295065E-002)
 (8.313198720973233E-003,-4.255317125226998E-002)
 (-1.515283995417965E-004,8.195188211250035E-004)
 (-7.434879419183566E-003,4.322700894215541E-002)
 (2.751713549831093E-002,-7.958897543633048E-002)
 (3.041716678633044E-004,-9.966958550517082E-004)
 (-1.256722816985202E-002,3.788166819491245E-002)
 (5.202569663768007E-002,-0.106084113477053)
 (8.579816204260618E-004,-1.851942206874293E-003)
 (-1.257443536941489E-002,2.623059279974820E-002)
 (6.717219548860902E-002,-0.112940031588755)
 (1.806083876051096E-004,-3.289525997401835E-004)
 (-7.239901049192766E-003,1.238192519271390E-002)
 (7.540702412776154E-002,-0.119367784627681)
 (-1.339228753196613E-004,2.152482478781524E-004)
 (2.575830967293841E-005,-4.139777016654890E-005)
 (6.834109741176118E-002,-0.114876505727922)
 (2.573204415508962E-005,-4.599851428849070E-005)
 (7.284151413534990E-003,-1.245359070821870E-002)
 (5.018281693260108E-002,-0.101701046042563)
 (2.949346546547534E-004,-5.721104398424554E-004)
 (1.200424777589277E-002,-2.487491381244673E-002)
 (2.814881653009770E-002,-7.986920627343271E-002)
 (5.709473215305671E-005,-1.885733730534459E-004)
 (1.253482373722321E-002,-3.698123584828052E-002)
 (8.773449148141748E-003,-4.522642127933830E-002)
 (2.943905840679012E-004,-1.863316983460115E-003)
 (8.105127219490546E-003,-4.780112799523824E-002)
 (1.222504760554843E-002,-5.264090970818468E-002)
 (2.611910402399215E-003,-1.245598343242131E-002)
 (-8.560745163434932E-003,3.981281923481438E-002)
 (1.598003679353779E-002,-6.254762553001963E-002)
 (3.477493258669933E-003,-1.509325022979372E-002)
 (1.093147903318684E-002,-4.771702059489082E-002)
 (6.716951546544221E-002,-0.112742539109846)
 (-6.153797014155212E-003,1.050097297845414E-002)
 (-3.419581503890949E-003,5.828501148994474E-003)
 (3.185663224128511E-002,-7.802009689844419E-002)
 (-3.792670492864416E-003,9.593037766263910E-003)
 (1.079474595255241E-002,-2.717674697480253E-002)
 (1.635840048991657E-002,-6.078005592880749E-002)
 (-3.152822263127643E-003,1.251883885222211E-002)
 (-1.001688938176948E-002,3.978251233964933E-002)
 (5.630078002459356E-002,-0.106138405845838)
 (5.781117378031362E-003,-1.110170534577447E-002)
 (9.308057607787223E-003,-1.787119160676046E-002)
 (5.928441998136573E-002,-0.114379169030169)
 (6.414651207255717E-003,-1.267548598975154E-002)
 (-1.072345415971526E-002,2.119480800475928E-002)
 (2.652904877749151E-003,-2.102389344139187E-002)
 (-1.094275259773812E-003,1.323034625289035E-002)
 (3.690571413447519E-003,-4.519871870903721E-002)
 (3.683018559536282E-002,-8.913982253924968E-002)
 (4.749577698519681E-003,-1.184041276487515E-002)
 (1.165026011792229E-002,-2.894666921436307E-002)
 (3.792214571806103E-002,-9.818276473230994E-002)
 (5.379869021262839E-003,-1.455505608586282E-002)
 (-1.322424062860885E-002,3.565686151284778E-002)
 (6.971373118440120E-002,-0.117429389969789)
 (-6.498377864765725E-003,1.113199981757749E-002)
 (3.805661443266040E-003,-6.522838945229048E-003)
 (5.569062576366804E-002,-0.106393649877988)
 (-1.124869744911496E-002,2.195202053714704E-002)
 (7.861924219624746E-005,-1.442286545313554E-004)
 (4.513037427113845E-002,-8.997828281584656E-002)
 (-9.040883102170350E-003,1.841247807294389E-002)
 (-4.994145951981790E-003,1.013021924570130E-002)
 (4.763773987940101E-002,-9.604502540017019E-002)
 (-9.726639865637932E-003,2.006601204842187E-002)
 (5.491203807044865E-003,-1.128737928696696E-002)
 (3.571609779042806E-002,-8.905178680963700E-002)
 (-1.269434610560537E-002,3.267025770665376E-002)
 (2.511289881292930E-003,-6.445341753154427E-003)
 (2.558391588627504E-002,-7.224150660219467E-002)
 (-9.761187333989060E-003,2.860568930529243E-002)
 (6.020246834878484E-003,-1.771376796873517E-002)
 (2.920056211700233E-003,-1.559722166275365E-002)
 (-8.982981522245238E-004,1.559203563881546E-002)
 (-3.159586895164169E-003,5.673827884256035E-002)
 (1.588332411699014E-002,-6.042882909471178E-002)
 (-3.193554770034250E-003,1.299441263839634E-002)
 (9.846810109753152E-003,-3.989354229778400E-002)
 (6.608194602182582E-003,-3.848202712967361E-002)
 (-3.782700233587893E-003,2.541734456277749E-002)
 (5.627401611542858E-003,-3.816843956837240E-002)
 (6.199347527392472E-002,-0.103466989646912)
 (5.245531406972107E-003,-8.893708564778651E-003)
 (-3.447638356687757E-003,5.858200720575833E-003)
 (6.140329800766504E-002,-0.102183186020811)
 (5.128430116169227E-003,-8.659375877813458E-003)
 (3.107490080583675E-003,-5.254969722150674E-003)
 (4.559916571426904E-002,-8.964114132044290E-002)
 (9.344390296889540E-003,-1.872037008977645E-002)
 (4.416930909651500E-003,-8.810857378894846E-003)
 (1.517240672879878E-002,-5.889531099324478E-002)
 (5.986187672471163E-003,-2.495037860204392E-002)
 (-8.052165723139318E-003,3.356725770815462E-002)
 (1.416575927054339E-002,-5.535235964536041E-002)
 (-9.015748033245579E-003,3.781669136546568E-002)
 (2.889582915785202E-003,-1.221266125321890E-002)
 (6.124624708815058E-003,-3.588838526902894E-002)
 (-3.438924005686652E-003,2.364004865480447E-002)
 (-5.398758436139096E-003,3.698515537036948E-002)
 (4.475588331177837E-002,-8.892141996221560E-002)
 (9.118360119346362E-003,-1.847413096260708E-002)
 (-4.818300228859860E-003,9.751557706866342E-003)
 (1.830098651282972E-002,-6.224855557810956E-002)
 (6.276949361901694E-003,-2.255218872734259E-002)
 (8.235050075969030E-003,-2.964638670862800E-002)
 (4.182216521680143E-003,-2.801610472187006E-002)
 (2.520083883761420E-003,-2.597530450993932E-002)
 (4.494652257376435E-003,-4.557862899272441E-002)
 (1.579347408229233E-002,-5.707535428967007E-002)
 (-9.476936279695697E-003,3.615531487660564E-002)
 (-2.752197670416352E-004,1.176666558147115E-003)
 (2.080333485495675E-002,-6.550866885270862E-002)
 (-6.483179665639681E-003,2.137333773171452E-002)
 (-8.723256979395451E-003,2.864101169947822E-002)
 (1.031288653759325E-002,-4.862910086634441E-002)
 (-6.684542237194594E-003,3.531599603928331E-002)
 (-5.397439472292667E-003,2.859480379257971E-002)
 (1.000769804042382E-002,-5.067338846658093E-002)
 (-7.420057459911237E-003,4.515636668762820E-002)
 (5.336544426724111E-003,-3.162927486088185E-002)
 (1.994799269219688E-003,-1.530786206525967E-002)
 (-2.678810713665393E-003,4.256326133377913E-002)
 (1.022013643230669E-003,-1.504706731453253E-002)
 (1.151967784893335E-003,5.886682815335907E-003)
 (5.507415701217112E-004,2.282835923998477E-002)
 (-9.466351385987861E-004,-4.021733633140172E-002)
 (3.025702263084689E-003,2.265132380807751E-002)
 (9.590801306328542E-004,1.073200920207339E-002)
 (-4.000503872998087E-003,-4.380229176388210E-002)
 (1.006018640981503E-002,4.679479418229580E-002)
 (3.855281615583888E-003,1.997011912058907E-002)
 (-7.386171052977665E-003,-3.811856413633707E-002)
 (1.697170095844886E-002,6.219624740821156E-002)
 (1.773961350012939E-003,6.926564000713901E-003)
 (-1.039968643481521E-002,-4.060651343616671E-002)
 (4.071539116530311E-003,2.721542425848769E-002)
 (3.468879870964699E-003,2.836004003755813E-002)
 (-3.592796351387759E-003,-2.940076772040298E-002)
 (3.817331170915274E-002,-9.105237171399347E-002)
 (9.499279256657870E-003,-2.331524650275259E-002)
 (8.655981507336090E-003,-2.115542075090830E-002)
 (1.687886302849248E-002,-6.101894703074900E-002)
 (8.750231341153618E-003,-3.421002036483960E-002)
 (5.549813303690901E-003,-2.142943810767090E-002)
 (3.595186672256600E-002,-9.012709531125800E-002)
 (9.374219822504307E-003,-2.427806035715766E-002)
 (-9.159878082719172E-003,2.370518180615635E-002)
 (1.537064733192889E-002,-5.858082262603143E-002)
 (8.356956656456886E-003,-3.407245070974600E-002)
 (-5.581305425727078E-003,2.274946079436820E-002)
 (3.317889794224106E-003,-2.385456754764769E-002)
 (3.234946537008361E-003,-3.344563400851936E-002)
 (-2.951474643241006E-003,3.049373742653578E-002)
 (3.248178361733302E-002,8.677235935253019E-002)
 (5.970351285973536E-003,1.643107549018283E-002)
 (-1.160517049805466E-002,-3.216794409359312E-002)
 (3.854608874284007E-002,9.184704146394970E-002)
 (8.269270562451501E-004,2.027803785375670E-003)
 (-1.289104724706309E-002,-3.161164821964797E-002)
 (3.147993113698507E-003,-2.326549699307459E-002)
 (3.922232830385620E-003,-4.165262061690578E-002)
 (-1.823662816980203E-003,1.921955041428307E-002)
 (1.751816600001828E-003,1.371464659972149E-002)
 (-2.124275745517816E-003,-3.933126005056380E-002)
 (1.422040514623681E-003,2.632924667485635E-002)
 (1.677119231716595E-003,1.366978630701505E-002)
 (-2.438814867481538E-003,-4.354182762391870E-002)
 (7.052952145670152E-004,1.262946536247525E-002)
 (1.113279908293529E-002,4.967442976786532E-002)
 (-7.923793453388086E-003,-3.885630375481482E-002)
 (3.714177936133234E-003,1.818276621832892E-002)
 (4.871584838425071E-002,9.588532481547338E-002)
 (4.286322334308310E-003,8.654030549702625E-003)
 (-1.016698729610917E-002,-2.040178348391643E-002)
 (1.156974011159252E-003,-4.533020911089169E-003)
 (-6.040219566892213E-004,3.306344926867428E-002)
 (-5.875350053339119E-004,3.156112234526963E-002)
 (1.018241091591605E-002,4.598964159418235E-002)
 (-5.904809630480060E-003,-2.947608514579575E-002)
 (5.506206657447506E-003,2.737765418359885E-002)
 (2.888388103076499E-002,8.051204012162828E-002)
 (-1.021244353872298E-002,-2.954959500673759E-002)
 (7.148400389737918E-003,2.067887571694051E-002)
 (2.475615444588056E-002,7.240512837282531E-002)
 (-6.223503158425687E-003,-1.891503499387746E-002)
 (9.512671148025372E-003,2.880200737810570E-002)
 (7.794127387409812E-003,3.784221962620000E-002)
 (-6.873689675214434E-003,-3.631928157739415E-002)
 (8.487756663682036E-004,4.405065422932571E-003)
 (4.402854767913339E-002,9.343785464032942E-002)
 (-7.537582689480415E-003,-1.634771605477281E-002)
 (9.175935176055468E-003,1.982453160700367E-002)
 (4.404994437734076E-002,0.102536032719110)
 (-3.058025049160650E-003,-7.249431900203652E-003)
 (1.351404689641254E-002,3.248381458139971E-002)
 (5.746866523467067E-002,0.107266348506153)
 (-1.732124543442420E-003,-3.282614369611529E-003)
 (-1.067398780184212E-002,-2.030252894648706E-002)
 (3.839378232641003E-002,9.095987297130252E-002)
 (-4.741455234681745E-003,-1.156876242951845E-002)
 (-1.173009427811398E-002,-2.856153364422496E-002)
 (6.992941063287476E-002,0.124831259314036)
 (-2.929785067999476E-003,-5.303676963134401E-003)
 (1.070842894448370E-002,1.951986324232798E-002)
 (5.393502224632048E-002,0.114477198562373)
 (2.428213005569154E-003,5.323323170469963E-003)
 (1.411969952408258E-002,3.094585233862461E-002)
 (5.506043195930831E-002,0.107363740650383)
 (-8.028895537713927E-003,-1.593429276662587E-002)
 (-8.514562750170264E-003,-1.699559413658781E-002)
 (3.183296136389614E-002,8.537542629016219E-002)
 (-9.265586179966343E-003,-2.578121151370652E-002)
 (-9.281288561072297E-003,-2.575041836011772E-002)
 (6.460292657799822E-002,0.112670100912103)
 (4.496393643063280E-003,7.939580770149961E-003)
 (7.805636871439076E-003,1.385626763146962E-002)
 (4.639302072312299E-002,9.883090083366566E-002)
 (8.078370737501232E-003,1.755462691581301E-002)
 (9.367321581218006E-003,2.037479862963215E-002)
 (4.578341745501487E-002,0.101428245841397)
 (1.027372006116285E-002,2.322369732040261E-002)
 (-8.829070704213442E-003,-2.016334811945843E-002)
 (2.970924054836088E-002,8.715165414067493E-002)
 (6.139915812346644E-003,1.915884358075618E-002)
 (1.266631054330883E-002,3.910145315109421E-002)
 (1.641966890310406E-002,6.051510130600101E-002)
 (-2.489115670868888E-003,-9.642577391996915E-003)
 (1.012904667584335E-002,4.016995624155027E-002)
 (1.303843429605164E-003,1.153477032354267E-002)
 (-2.116412627787459E-003,-3.733780988232057E-002)
 (-2.901251335177625E-005,-3.806056253194865E-004)
 (1.118918095381992E-002,-4.605180188378497E-002)
 (7.754988867610462E-003,-3.424754575022921E-002)
 (-2.165219183283971E-003,9.559445657038078E-003)
 (2.125413131154830E-003,-1.640264175887050E-002)
 (-2.676678166941041E-003,4.403846580072925E-002)
 (-1.324261754144013E-003,2.199771680292922E-002)
 (2.969264897525866E-003,2.205344096287224E-002)
 (3.725747262441404E-003,3.644536759723314E-002)
 (2.219456149126507E-003,2.211017585624876E-002)
 (2.134507182225868E-003,1.682549824527757E-002)
 (3.038850954654061E-003,4.577718372278565E-002)
 (7.768522725329294E-004,1.176483127243309E-002)
 (5.566497411549125E-002,0.103553302017200)
 (9.261418915427521E-003,1.757082394937440E-002)
 (4.263234948802155E-003,8.129897940621161E-003)
 (4.277079850852575E-002,9.149342606163510E-002)
 (-1.100529899813596E-002,-2.397171799198296E-002)
 (4.002390925976542E-003,8.759985837258710E-003)
 (6.270530594885021E-002,0.104422631402226)
 (-4.613029114211875E-003,-7.776883905398634E-003)
 (-4.707592117895907E-003,-7.941717481082975E-003)
 (1.553529307972497E-002,5.572011239483558E-002)
 (-4.630415125794001E-003,-1.772187258143723E-002)
 (-8.109437533132121E-003,-3.078900495385397E-002)
 (1.191370128125399E-002,5.420773785346039E-002)
 (-6.909766845199674E-003,-3.457963488629276E-002)
 (-6.383605913413037E-003,-3.234903855023906E-002)
 (2.401188083337356E-002,7.797648615709737E-002)
 (-1.162619326018925E-002,-3.968184812567219E-002)
 (-5.487817154605112E-003,-1.898391679088372E-002)
 (1.265085586455816E-002,5.067491100532428E-002)
 (8.450185492092012E-003,3.671723348403905E-002)
 (2.625593178631151E-003,1.151970166452652E-002)
 (8.777051757847362E-003,4.270415473302864E-002)
 (7.655107038745433E-003,4.175317424503529E-002)
 (7.335778699534251E-005,4.495620429083610E-004)
 (4.554250173574807E-003,2.939688689514659E-002)
 (-4.484948907164684E-003,-3.765453701511759E-002)
 (-2.459447271863448E-003,-2.097159691907159E-002)
 (6.738678805956003E-002,0.110498517123013)
 (5.884568142413484E-003,9.754358153397138E-003)
 (3.212588018754850E-004,5.367850193471115E-004)
 (2.240967540614266E-002,6.441871297046756E-002)
 (1.038171521392519E-002,3.075003947100705E-002)
 (6.944512467391226E-004,2.064059154589854E-003)
 (1.488271279630392E-002,5.159637225522440E-002)
 (8.662230616438643E-003,3.145090442936152E-002)
 (-2.049554390061494E-003,-7.524426517646880E-003)
 (1.076864619540539E-002,5.365376799286986E-002)
 (5.720770993219077E-003,3.387432467710778E-002)
 (7.347430136209355E-003,4.262961642154612E-002)
 (1.139912253763936E-003,5.234931129438449E-003)
 (-7.098637871011564E-004,-3.510208904150857E-002)
 (-6.383805429880872E-004,-3.359033950124976E-002)
 (2.838952324821061E-003,-2.107663018146829E-002)
 (3.250509356767817E-003,-4.472862222389928E-002)
 (1.716105885249952E-003,-2.390918234957607E-002)
 (4.703099941132228E-002,8.761523484181842E-002)
 (8.559025393762734E-003,1.617730293995209E-002)
 (-1.952953788420534E-003,-3.755345179814437E-003)
 (6.738524598261765E-002,0.123801707748495)
 (-1.154232895835655E-002,-2.159174611173325E-002)
 (-1.664605263762444E-003,-3.091035618960152E-003)
 (5.732893312450437E-002,9.338706636972349E-002)
 (-4.467310608930185E-003,-7.352921288179497E-003)
 (1.527688254516388E-003,2.517691929655873E-003)
 (3.305274922487333E-002,7.821909166435025E-002)
 (-1.080886594039370E-002,-2.616118188131694E-002)
 (-8.418555764868610E-004,-2.140332584288358E-003)
 (8.537010409176925E-004,5.153259524240895E-003)
 (7.651627007975666E-004,4.189894177587394E-002)
 (-1.998028332821738E-005,-1.739088543716340E-003)
 (2.020220777616155E-002,5.868532200842831E-002)
 (6.624797855659528E-003,1.984907190719275E-002)
 (6.738451659255934E-003,2.034834118079742E-002)
 (8.694542536096339E-003,4.605994712413006E-002)
 (2.923347241362019E-003,1.917702913993708E-002)
 (7.901200813850554E-003,5.351881652313655E-002)
 (3.592190560246422E-002,8.957377486892458E-002)
 (1.176828334731633E-002,3.044448546630694E-002)
 (5.494117253276866E-003,1.411114459398168E-002)
 (4.573639178109719E-003,-2.716043733218785E-002)
 (3.706427344504771E-003,-2.600587485212225E-002)
 (3.434644795549095E-003,-2.396622233563220E-002)
 (1.048383335897057E-002,-4.529510331476001E-002)
 (7.566125291071347E-003,-3.550814909250802E-002)
 (2.241810846807012E-003,-1.079274201068392E-002)
 (2.888971081341556E-003,2.047173855352568E-002)
 (-2.111705557306880E-003,-2.456226307851651E-002)
 (-3.464678927826953E-003,-4.171467476346043E-002)
 (4.902407561012534E-003,2.950795335449796E-002)
 (-2.041710982560758E-004,-1.681090973766071E-003)
 (-5.271194636716874E-003,-3.711724831529179E-002)
 (2.643821130343093E-002,-7.288615266946862E-002)
 (-9.625302612915379E-003,2.752306392382176E-002)
 (-6.312813855208953E-003,1.810849559935277E-002)
 (5.079738309603285E-002,-9.585958541918939E-002)
 (-4.712432925622130E-003,9.036250468643179E-003)
 (8.494311112948403E-003,-1.632140214914402E-002)
 (3.233853214936174E-002,-7.744466343496076E-002)
 (-3.673415821917747E-003,9.060081048393488E-003)
 (-1.050488222009989E-002,2.581897731002654E-002)
 (2.656261146111540E-002,-5.976865591524179E-002)
 (-5.303823963092935E-003,1.214869724472895E-002)
 (-6.268631134758690E-003,1.435560229090981E-002)
 (3.038968098610267E-002,-7.951594163067628E-002)
 (1.125864117235410E-002,-3.045472622264413E-002)
 (4.008644719906518E-003,-1.080503900340594E-002)
 (3.542374860520825E-002,-7.750924790538072E-002)
 (1.031060334925059E-002,-2.294256634005355E-002)
 (-1.715454988638845E-004,3.827697649641170E-004)
 (6.359874662966972E-003,3.304285195924278E-002)
 (-5.796523836284550E-003,-3.251298769949450E-002)
 (-1.244129659045058E-003,-6.881158861269364E-003)
 (2.462195875546025E-002,7.851627460511353E-002)
 (1.035794029392569E-003,3.616049109589807E-003)
 (1.250003898213460E-002,4.253921124770182E-002)
 (4.904646581045476E-003,3.321895418689231E-002)
 (-1.162699775520172E-005,7.584085351962785E-004)
 (5.998636773877920E-003,5.405262610103389E-002)
 (2.912685083396058E-003,2.164911998279173E-002)
 (-1.184330265732688E-003,-1.544134556011483E-002)
 (3.894900155498759E-003,4.620390812117180E-002)
 (2.455292128941624E-003,-1.823113335942586E-002)
 (1.756975650052864E-003,-2.202384388533949E-002)
 (-3.048082015531701E-003,3.944757032601709E-002)
 (3.393358163265959E-002,-8.455072182014069E-002)
 (-1.203448958210839E-002,3.095983204068935E-002)
 (-2.576311963401516E-003,6.667181713287809E-003)
 (1.405986646323031E-002,-5.612572284468645E-002)
 (-9.143472157014559E-003,3.964276822967998E-002)
 (-3.488018451669522E-003,1.521386835440298E-002)
 (3.187035776162054E-003,-2.258633547920316E-002)
 (-4.156666520165657E-003,4.116374759307392E-002)
 (-7.694821442300832E-004,7.683784031750641E-003)
 (1.880934980033346E-003,-1.595639660976021E-002)
 (3.063363924898983E-003,-3.903184727157007E-002)
 (-4.292600498534095E-004,5.114975016335031E-003)
 (1.356405307700896E-003,1.190369796247067E-002)
 (-1.443527006290769E-003,-2.693871536468665E-002)
 (1.892209562414841E-003,3.466861313693376E-002)
 (1.929368477162247E-002,6.392965919782037E-002)
 (7.113165084827034E-003,2.488864054072155E-002)
 (-7.499515151372721E-003,-2.626834143795054E-002)
 (2.273624158682212E-002,6.630404109910894E-002)
 (-1.016321449605400E-002,-3.066027869476851E-002)
 (2.632048225480472E-003,7.946179841905278E-003)
 (1.796751099065438E-002,5.894891529470599E-002)
 (-1.435290079988313E-003,-4.841005529966630E-003)
 (-9.424063248149067E-003,-3.218134937384122E-002)
 (5.353011049722173E-002,8.884123243630312E-002)
 (1.623579964299298E-003,2.716360239184904E-003)
 (-5.344050496466452E-003,-8.989198518592855E-003)
 (9.778354056911940E-004,6.337501889048763E-003)
 (4.329038175071504E-004,1.993995651511679E-002)
 (7.409067158324526E-004,3.549550174920170E-002)
 (4.003360820891502E-003,2.651546949215662E-002)
 (4.730733202024928E-003,4.108319372421967E-002)
 (-1.308511052780877E-003,-1.139182294623986E-002)
 (8.637734041892333E-004,-6.992890165049757E-003)
 (-8.704757556732950E-004,2.568724497238037E-002)
 (8.270990316173339E-004,-2.497260008444558E-002)
 (4.924482757626205E-002,-9.179517064417794E-002)
 (-4.379971138174628E-003,8.266538946186631E-003)
 (-7.990368088825823E-003,1.513920300560305E-002)
 (8.511584423028830E-003,3.925891185109204E-002)
 (6.131931081827496E-003,3.046224564532291E-002)
 (-3.570588153096083E-003,-1.772427108797079E-002)
 (3.292551800974950E-003,-2.108399792417152E-002)
 (-3.835255768092142E-003,2.856763789566370E-002)
 (3.842404617655709E-004,-2.809022267350345E-003)
 (2.853501081884049E-002,-7.542921683293209E-002)
 (1.073115793649999E-002,-2.918150033240797E-002)
 (-4.056623860099142E-003,1.103836241581430E-002)
 (3.342002573808649E-002,7.438267575813647E-002)
 (-8.921568049297546E-003,-2.030688836368870E-002)
 (-4.377956798259970E-003,-1.000484571816985E-002)
 (1.332741779017936E-003,5.511994047791088E-003)
 (1.214757384930900E-003,3.896762054089613E-002)
 (-7.005940045492346E-004,-2.305715222660910E-002)
 (2.568540731522851E-003,-1.351277965143375E-002)
 (4.344524186294606E-004,-1.619097782410705E-002)
 (1.651275857300408E-003,-5.800866652233642E-002)
 (2.902541518418042E-002,6.794185278808662E-002)
 (9.134264602032814E-003,2.183523063003822E-002)
 (-2.482218817857506E-003,-5.876000143006695E-003)
 (1.411747811664919E-003,-9.939231609310617E-003)
 (5.132669010673072E-004,-9.006123588357472E-003)
 (-2.110312232503611E-003,3.940596902341221E-002)
 (1.919308830998196E-002,-6.281198609243235E-002)
 (-6.533801715767924E-003,2.232230002840137E-002)
 (8.562182869708099E-003,-2.901699829600726E-002)
 (6.832172073912212E-003,3.299147886932828E-002)
 (-2.887491432972232E-003,-1.524871043161289E-002)
 (5.191048748706925E-003,2.728552645798906E-002)
 (1.976713017011447E-002,-5.981968138140060E-002)
 (9.532632694644622E-003,-2.968676192038442E-002)
 (4.213898206562481E-006,-9.392833694063887E-005)
 (1.511212056627329E-003,-1.424217238238521E-002)
 (2.530598775404958E-003,-3.419114323791787E-002)
 (4.516713220454340E-004,-6.076139786985608E-003)
 (4.506353918158212E-002,7.185757846445832E-002)
 (3.715671710644143E-004,5.928620346863757E-004)
 (2.729853364110157E-003,4.395857062241763E-003)
 (3.712407409475518E-002,-6.668356883717445E-002)
 (6.143170576923467E-003,-1.116504339008277E-002)
 (-2.352811731729345E-004,4.301116058524822E-004)
 (2.437466995002781E-002,-5.623001345786912E-002)
 (-5.135825178654014E-003,1.207303572684338E-002)
 (5.848982670068269E-003,-1.371958212432884E-002)
 (1.687507862284697E-002,4.837644761507923E-002)
 (6.539368984079715E-003,1.922802885616275E-002)
 (-3.845543841478272E-003,-1.132174966240845E-002)
 (3.997300926772937E-002,7.063023961975895E-002)
 (4.730745466156053E-003,8.468326228078922E-003)
 (-3.962612232865466E-003,-7.115977288367027E-003)
 (2.798874500884329E-002,5.977220133315646E-002)
 (7.635178893560168E-003,1.654709308397277E-002)
 (8.075617373825311E-004,1.760306632315539E-003)
 (5.319230260356416E-003,-2.608948153241000E-002)
 (4.741232297696865E-003,-2.498914281941887E-002)
 (6.077904959109694E-005,-4.064119723047009E-004)
 (3.991833990771750E-002,6.250791428912758E-002)
 (-1.958689980832148E-004,-3.090160632019603E-004)
 (-8.186825991559650E-004,-1.291592965834806E-003)
 (4.206572146869072E-003,2.308304432266312E-002)
 (-1.371953496267886E-003,-8.580779177014638E-003)
 (-4.306254444485220E-003,-2.693963774410121E-002)
 (4.193227372598963E-002,7.539518480904869E-002)
 (-5.899425751031224E-003,-1.072102100614926E-002)
 (3.645131804834426E-003,6.626878311383270E-003)
 (6.784780075776667E-004,6.718586297673902E-003)
 (-1.227043614974273E-003,-2.619018830374130E-002)
 (-3.421405727101365E-004,-7.774098194642797E-003)
 (1.229584737842082E-002,4.063382469137725E-002)
 (-6.690927966865740E-003,-2.273483777278353E-002)
 (-5.547018353881774E-004,-1.878164866293786E-003)
 (1.002105601531178E-002,3.842233464938640E-002)
 (5.479577243750563E-003,2.198683044029693E-002)
 (3.557575313382117E-003,1.446828479849528E-002)
 (2.791854141920147E-002,-3.106534465209702E-004)
 (0.000000000000000E+000,0.000000000000000E+000)
 (0.000000000000000E+000,0.000000000000000E+000)
 (4.151704970699695E-002,1.172637641157117E-002)
 (0.000000000000000E+000,0.000000000000000E+000)
 (0.000000000000000E+000,0.000000000000000E+000)
 (5.940850216563728E-002,-1.354124918269569E-002)
 (0.000000000000000E+000,0.000000000000000E+000)
 (0.000000000000000E+000,0.000000000000000E+000)
 (5.292232344438891E-002,-1.747596506644636E-003)
 (0.000000000000000E+000,0.000000000000000E+000)
 (0.000000000000000E+000,0.000000000000000E+000)
 (5.102043186519117E-002,-1.473058611442165E-002)
 (0.000000000000000E+000,0.000000000000000E+000)
 (0.000000000000000E+000,0.000000000000000E+000)
 (5.053734108048384E-002,-2.023673822917968E-002)
 (0.000000000000000E+000,0.000000000000000E+000)
 (0.000000000000000E+000,0.000000000000000E+000)
 (4.535656489395392E-002,9.794678031427820E-003)
 (0.000000000000000E+000,0.000000000000000E+000)
 (0.000000000000000E+000,0.000000000000000E+000)
 (4.324916254865542E-002,2.447584731744878E-003)
 (0.000000000000000E+000,0.000000000000000E+000)
 (0.000000000000000E+000,0.000000000000000E+000)
 (5.054736566717299E-002,3.333079888476868E-003)
 (0.000000000000000E+000,0.000000000000000E+000)
 (0.000000000000000E+000,0.000000000000000E+000)
 (5.036071954305550E-002,2.368385699191396E-002)
 (0.000000000000000E+000,0.000000000000000E+000)
 (0.000000000000000E+000,0.000000000000000E+000)
 (4.642587511582529E-002,8.423331699566524E-003)
 (0.000000000000000E+000,0.000000000000000E+000)
 (0.000000000000000E+000,0.000000000000000E+000)
 (4.289206788169504E-002,8.736100787828340E-004)
 (0.000000000000000E+000,0.000000000000000E+000)
 (0.000000000000000E+000,0.000000000000000E+000)
 (4.733067528454166E-002,-1.455818227871881E-004)
 (0.000000000000000E+000,0.000000000000000E+000)
 (0.000000000000000E+000,0.000000000000000E+000)
 (4.581573766302015E-002,-1.710323417013416E-002)
 (0.000000000000000E+000,0.000000000000000E+000)
 (0.000000000000000E+000,0.000000000000000E+000)
 (3.273583918128074E-002,-1.744550681287309E-002)
 (0.000000000000000E+000,0.000000000000000E+000)
 (0.000000000000000E+000,0.000000000000000E+000)
 (6.424373819764688E-002,9.722323719550263E-003)
 (0.000000000000000E+000,0.000000000000000E+000)
 (0.000000000000000E+000,0.000000000000000E+000)
 (3.587964306910529E-002,4.295394581468093E-003)
 (0.000000000000000E+000,0.000000000000000E+000)
 (0.000000000000000E+000,0.000000000000000E+000)
 (3.762501842064043E-002,1.138353037675168E-002)
 (0.000000000000000E+000,0.000000000000000E+000)
 (0.000000000000000E+000,0.000000000000000E+000)
 (6.242874211241610E-002,7.918811162290521E-003)
 (0.000000000000000E+000,0.000000000000000E+000)
 (0.000000000000000E+000,0.000000000000000E+000)
 (4.572707441619821E-002,1.995573811898078E-002)
 (0.000000000000000E+000,0.000000000000000E+000)
 (0.000000000000000E+000,0.000000000000000E+000)
 (3.993777202093488E-002,3.142363157147135E-003)
 (0.000000000000000E+000,0.000000000000000E+000)
 (0.000000000000000E+000,0.000000000000000E+000)
 (3.116176742062815E-002,-1.816632861778612E-002)
 (0.000000000000000E+000,0.000000000000000E+000)
 (0.000000000000000E+000,0.000000000000000E+000)
 (3.398243665479434E-002,-1.340056007437846E-002)
 (0.000000000000000E+000,0.000000000000000E+000)
 (0.000000000000000E+000,0.000000000000000E+000)
 (2.718694713414646E-002,9.982857666494678E-003)
 (0.000000000000000E+000,0.000000000000000E+000)
 (0.000000000000000E+000,0.000000000000000E+000)
 (3.076542169724769E-002,-1.054595514149683E-002)
 (0.000000000000000E+000,0.000000000000000E+000)
 (0.000000000000000E+000,0.000000000000000E+000)
 (3.780759926464467E-002,-1.835792304026834E-002)
 (0.000000000000000E+000,0.000000000000000E+000)
 (0.000000000000000E+000,0.000000000000000E+000)
 (3.774626743646656E-002,1.272055646551075E-002)
 (0.000000000000000E+000,0.000000000000000E+000)
 (0.000000000000000E+000,0.000000000000000E+000)
 (3.392573815428997E-002,-1.630857567543497E-002)
 (0.000000000000000E+000,0.000000000000000E+000)
 (0.000000000000000E+000,0.000000000000000E+000)
 (4.368046567287884E-002,1.787207528778387E-002)
 (0.000000000000000E+000,0.000000000000000E+000)
 (0.000000000000000E+000,0.000000000000000E+000)
 (4.084830274038905E-002,6.640602700791134E-003)
 (0.000000000000000E+000,0.000000000000000E+000)
 (0.000000000000000E+000,0.000000000000000E+000)
 (3.472046937543005E-002,1.126834278955476E-002)
 (0.000000000000000E+000,0.000000000000000E+000)
 (0.000000000000000E+000,0.000000000000000E+000)
 (5.102033119893708E-002,-8.179766152305454E-003)
 (0.000000000000000E+000,0.000000000000000E+000)
 (0.000000000000000E+000,0.000000000000000E+000)
 (4.044197446218535E-002,-9.302443297519185E-004)
 (0.000000000000000E+000,0.000000000000000E+000)
 (0.000000000000000E+000,0.000000000000000E+000)
 (4.475999512105465E-002,1.391337471731137E-002)
 (0.000000000000000E+000,0.000000000000000E+000)
 (0.000000000000000E+000,0.000000000000000E+000)
 (4.614137395929285E-002,-9.690943304540344E-004)
 (0.000000000000000E+000,0.000000000000000E+000)
 (0.000000000000000E+000,0.000000000000000E+000)
 (4.300455736007707E-002,-4.563036008003683E-003)
 (0.000000000000000E+000,0.000000000000000E+000)
 (0.000000000000000E+000,0.000000000000000E+000)
 (2.819307807494632E-002,-1.489811083389194E-002)
 (0.000000000000000E+000,0.000000000000000E+000)
 (0.000000000000000E+000,0.000000000000000E+000)
 (2.141711640939094E-002,-3.297340350484178E-004)
 (0.000000000000000E+000,0.000000000000000E+000)
 (0.000000000000000E+000,0.000000000000000E+000)
 (3.719577063545655E-002,1.284554491484511E-002)
 (0.000000000000000E+000,0.000000000000000E+000)
 (0.000000000000000E+000,0.000000000000000E+000)
 (4.286266620039075E-002,1.054718680337887E-002)
 (0.000000000000000E+000,0.000000000000000E+000)
 (0.000000000000000E+000,0.000000000000000E+000)
 (3.807527960991974E-002,4.722701429784079E-003)
 (0.000000000000000E+000,0.000000000000000E+000)
 (0.000000000000000E+000,0.000000000000000E+000)
 (4.313953639362083E-002,-8.057540005265543E-003)
 (0.000000000000000E+000,0.000000000000000E+000)
 (0.000000000000000E+000,0.000000000000000E+000)
 (3.687874590450849E-002,1.779583480727260E-002)
 (0.000000000000000E+000,0.000000000000000E+000)
 (0.000000000000000E+000,0.000000000000000E+000)
 (4.519301144239273E-002,-1.213886098894342E-002)
 (0.000000000000000E+000,0.000000000000000E+000)
 (0.000000000000000E+000,0.000000000000000E+000)
 (4.130818721092250E-002,1.481847027741070E-002)
 (0.000000000000000E+000,0.000000000000000E+000)
 (0.000000000000000E+000,0.000000000000000E+000)
 (3.839816910342463E-002,-1.279019838084413E-002)
 (0.000000000000000E+000,0.000000000000000E+000)
 (0.000000000000000E+000,0.000000000000000E+000)
 (3.859764766477451E-002,1.706887876198070E-002)
 (0.000000000000000E+000,0.000000000000000E+000)
 (0.000000000000000E+000,0.000000000000000E+000)
 (2.761552488334228E-002,-1.705263403081085E-002)
 (0.000000000000000E+000,0.000000000000000E+000)
 (0.000000000000000E+000,0.000000000000000E+000)
 (2.811165634645200E-002,-1.662670094690100E-002)
 (0.000000000000000E+000,0.000000000000000E+000)
 (0.000000000000000E+000,0.000000000000000E+000)
 (3.492152052509182E-002,-1.026913610885319E-002)
 (0.000000000000000E+000,0.000000000000000E+000)
 (0.000000000000000E+000,0.000000000000000E+000)
 (5.034440045257405E-002,-5.853263262839692E-003)
 (0.000000000000000E+000,0.000000000000000E+000)
 (0.000000000000000E+000,0.000000000000000E+000)
 (5.309659185699009E-002,3.965953442990794E-004)
 (0.000000000000000E+000,0.000000000000000E+000)
 (0.000000000000000E+000,0.000000000000000E+000)
 (3.491918133728261E-002,2.161002039637716E-003)
 (0.000000000000000E+000,0.000000000000000E+000)
 (0.000000000000000E+000,0.000000000000000E+000)
 (4.186471300519824E-002,-9.494383820565794E-003)
 (0.000000000000000E+000,0.000000000000000E+000)
 (0.000000000000000E+000,0.000000000000000E+000)
 (3.739636931438728E-002,7.638727735033305E-003)
 (0.000000000000000E+000,0.000000000000000E+000)
 (0.000000000000000E+000,0.000000000000000E+000)
 (2.772986454329898E-002,-1.683893023982175E-002)
 (0.000000000000000E+000,0.000000000000000E+000)
 (0.000000000000000E+000,0.000000000000000E+000)
 (3.831597192417675E-002,-1.272520157288380E-002)
 (0.000000000000000E+000,0.000000000000000E+000)
 (0.000000000000000E+000,0.000000000000000E+000)
 (4.326337872940593E-002,9.595395815693207E-003)
 (0.000000000000000E+000,0.000000000000000E+000)
 (0.000000000000000E+000,0.000000000000000E+000)
 (3.850782256459832E-002,1.264501829502161E-002)
 (0.000000000000000E+000,0.000000000000000E+000)
 (0.000000000000000E+000,0.000000000000000E+000)
 (4.274923002383924E-002,-8.108895885522880E-003)
 (0.000000000000000E+000,0.000000000000000E+000)
 (0.000000000000000E+000,0.000000000000000E+000)
 (3.014140992946166E-002,-9.975795505597334E-003)
 (0.000000000000000E+000,0.000000000000000E+000)
 (0.000000000000000E+000,0.000000000000000E+000)
 (3.919963431893861E-002,-1.347311707870857E-003)
 (0.000000000000000E+000,0.000000000000000E+000)
 (0.000000000000000E+000,0.000000000000000E+000)
 (3.459073324042418E-002,1.475149736701795E-002)
 (0.000000000000000E+000,0.000000000000000E+000)
 (0.000000000000000E+000,0.000000000000000E+000)
 (3.863777721918716E-002,1.454713681992014E-002)
 (0.000000000000000E+000,0.000000000000000E+000)
 (0.000000000000000E+000,0.000000000000000E+000)
 (3.642545434282064E-002,2.134385646042805E-002)
 (0.000000000000000E+000,0.000000000000000E+000)
 (0.000000000000000E+000,0.000000000000000E+000)
 (3.417716391821026E-002,1.127300076748520E-003)
 (0.000000000000000E+000,0.000000000000000E+000)
 (0.000000000000000E+000,0.000000000000000E+000)
 (3.299887427844889E-002,1.294245454630327E-002)
 (0.000000000000000E+000,0.000000000000000E+000)
 (0.000000000000000E+000,0.000000000000000E+000)
 (2.851880751367603E-002,-1.663847351729929E-002)
 (0.000000000000000E+000,0.000000000000000E+000)
 (0.000000000000000E+000,0.000000000000000E+000)
 (3.085103127058150E-002,3.652712898194100E-003)
 (0.000000000000000E+000,0.000000000000000E+000)
 (0.000000000000000E+000,0.000000000000000E+000)
 (3.660264031685892E-002,2.012891112389779E-002)
 (0.000000000000000E+000,0.000000000000000E+000)
 (0.000000000000000E+000,0.000000000000000E+000)
 (3.562912092038316E-002,2.226331121788063E-002)
 (0.000000000000000E+000,0.000000000000000E+000)
 (0.000000000000000E+000,0.000000000000000E+000)
 (4.088201188119989E-002,1.128380692109023E-002)
 (0.000000000000000E+000,0.000000000000000E+000)
 (0.000000000000000E+000,0.000000000000000E+000)
 (4.076366558479134E-002,7.316784648886540E-003)
 (0.000000000000000E+000,0.000000000000000E+000)
 (0.000000000000000E+000,0.000000000000000E+000)
 (4.551011479281919E-002,8.002181927946096E-003)
 (0.000000000000000E+000,0.000000000000000E+000)
 (0.000000000000000E+000,0.000000000000000E+000)
 (4.257633329259325E-002,1.133962599315783E-002)
 (0.000000000000000E+000,0.000000000000000E+000)
 (0.000000000000000E+000,0.000000000000000E+000)
 (4.178666494137363E-002,-3.633748571752098E-003)
 (0.000000000000000E+000,0.000000000000000E+000)
 (0.000000000000000E+000,0.000000000000000E+000)
 (4.235487314603688E-002,-4.720219856372973E-004)
 (0.000000000000000E+000,0.000000000000000E+000)
 (0.000000000000000E+000,0.000000000000000E+000)
 (4.381144326451825E-002,7.220201395435612E-003)
 (0.000000000000000E+000,0.000000000000000E+000)
 (0.000000000000000E+000,0.000000000000000E+000)
 (4.205910171541533E-002,5.029541778290260E-003)
 (0.000000000000000E+000,0.000000000000000E+000)
 (0.000000000000000E+000,0.000000000000000E+000)
 (4.218678568970733E-002,3.807040190702423E-003)
 (0.000000000000000E+000,0.000000000000000E+000)
 (0.000000000000000E+000,0.000000000000000E+000)
 (4.366637037860849E-002,-1.807161830144559E-003)
 (0.000000000000000E+000,0.000000000000000E+000)
 (0.000000000000000E+000,0.000000000000000E+000)
 (4.323328080265521E-002,-6.081932236351595E-003)
 (0.000000000000000E+000,0.000000000000000E+000)
 (0.000000000000000E+000,0.000000000000000E+000)
 (4.138703432749720E-002,9.034383961368665E-003)
 (0.000000000000000E+000,0.000000000000000E+000)
 (0.000000000000000E+000,0.000000000000000E+000)
 (3.875859671305534E-002,-2.081404941540263E-003)
 (0.000000000000000E+000,0.000000000000000E+000)
 (0.000000000000000E+000,0.000000000000000E+000)
 (3.934863680927150E-002,9.593098610202739E-003)
 (0.000000000000000E+000,0.000000000000000E+000)
 (0.000000000000000E+000,0.000000000000000E+000)
 (3.960811572671304E-002,-6.624648188371438E-003)
 (0.000000000000000E+000,0.000000000000000E+000)
 (0.000000000000000E+000,0.000000000000000E+000)
 (3.798401002868644E-002,-9.964072479137226E-003)
 (0.000000000000000E+000,0.000000000000000E+000)
 (0.000000000000000E+000,0.000000000000000E+000)
 (4.121623188460177E-002,-3.793676536588210E-003)
 (0.000000000000000E+000,0.000000000000000E+000)
 (0.000000000000000E+000,0.000000000000000E+000)
 (4.012891367700708E-002,1.358801620479300E-002)
 (0.000000000000000E+000,0.000000000000000E+000)
 (0.000000000000000E+000,0.000000000000000E+000)
 (3.902946649305946E-002,1.649448461447346E-002)
 (0.000000000000000E+000,0.000000000000000E+000)
 (0.000000000000000E+000,0.000000000000000E+000)
 (3.684417773315352E-002,-1.031106321245085E-002)
 (0.000000000000000E+000,0.000000000000000E+000)
 (0.000000000000000E+000,0.000000000000000E+000)
 (3.969554600407569E-002,2.184379416995463E-002)
 (0.000000000000000E+000,0.000000000000000E+000)
 (0.000000000000000E+000,0.000000000000000E+000)
 (3.592737866532696E-002,2.244353174848803E-002)
 (0.000000000000000E+000,0.000000000000000E+000)
 (0.000000000000000E+000,0.000000000000000E+000)
 (3.794059960143807E-002,2.098261055835186E-002)
 (0.000000000000000E+000,0.000000000000000E+000)
 (0.000000000000000E+000,0.000000000000000E+000)
 (3.902946649291379E-002,1.649448461440853E-002)
 (0.000000000000000E+000,0.000000000000000E+000)
 (0.000000000000000E+000,0.000000000000000E+000)
 (4.219257156726670E-002,3.742093223324213E-003)
 (0.000000000000000E+000,0.000000000000000E+000)
 (0.000000000000000E+000,0.000000000000000E+000)
 (4.234431094213699E-002,-1.058869140140821E-003)
 (0.000000000000000E+000,0.000000000000000E+000)
 (0.000000000000000E+000,0.000000000000000E+000)
 (3.455691702457477E-002,-1.988490797130157E-002)
 (0.000000000000000E+000,0.000000000000000E+000)
 (0.000000000000000E+000,0.000000000000000E+000)
 (3.988246279849359E-002,-1.740096483513538E-002)
 (0.000000000000000E+000,0.000000000000000E+000)
 (0.000000000000000E+000,0.000000000000000E+000)
 (4.208440952562954E-002,-4.812245623008302E-003)
 (0.000000000000000E+000,0.000000000000000E+000)
 (0.000000000000000E+000,0.000000000000000E+000)
 (3.917783895267474E-002,-2.307322880846956E-002)
 (0.000000000000000E+000,0.000000000000000E+000)
 (0.000000000000000E+000,0.000000000000000E+000)
 (4.989532405124919E-002,-1.037598588206587E-002)
 (0.000000000000000E+000,0.000000000000000E+000)
 (0.000000000000000E+000,0.000000000000000E+000)
 (3.651931061320367E-002,-1.962849544314912E-002)
 (0.000000000000000E+000,0.000000000000000E+000)
 (0.000000000000000E+000,0.000000000000000E+000)
 (4.900448292051021E-002,-1.441043751589585E-002)
 (0.000000000000000E+000,0.000000000000000E+000)
 (0.000000000000000E+000,0.000000000000000E+000)
 (3.771943044791032E-002,-1.943658272097662E-002)
 (0.000000000000000E+000,0.000000000000000E+000)
 (0.000000000000000E+000,0.000000000000000E+000)
 (4.189306370963027E-002,-2.306897726638837E-002)
 (0.000000000000000E+000,0.000000000000000E+000)
 (0.000000000000000E+000,0.000000000000000E+000)
 (4.078666792499732E-002,-1.145303531471482E-002)
 (0.000000000000000E+000,0.000000000000000E+000)
 (0.000000000000000E+000,0.000000000000000E+000)
 (3.629332272645944E-002,-2.182669802678355E-002)
 (0.000000000000000E+000,0.000000000000000E+000)
 (0.000000000000000E+000,0.000000000000000E+000)
 (4.642077511213252E-002,-2.314592869116127E-002)
 (0.000000000000000E+000,0.000000000000000E+000)
 (0.000000000000000E+000,0.000000000000000E+000)
 (4.058477433373783E-002,-2.297163409959647E-002)
 (0.000000000000000E+000,0.000000000000000E+000)
 (0.000000000000000E+000,0.000000000000000E+000)
 (3.993123891099541E-002,-1.416094267897601E-002)
 (0.000000000000000E+000,0.000000000000000E+000)
 (0.000000000000000E+000,0.000000000000000E+000)
 (3.784939165985850E-002,-1.324804699881568E-002)
 (0.000000000000000E+000,0.000000000000000E+000)
 (0.000000000000000E+000,0.000000000000000E+000)
 (4.127135920476342E-002,-2.058698240524337E-002)
 (0.000000000000000E+000,0.000000000000000E+000)
 (0.000000000000000E+000,0.000000000000000E+000)
 (3.975020854876079E-002,-1.748549983458939E-002)
 (0.000000000000000E+000,0.000000000000000E+000)
 (0.000000000000000E+000,0.000000000000000E+000)
 (3.578906410682915E-002,-2.016588070276623E-002)
 (0.000000000000000E+000,0.000000000000000E+000)
 (0.000000000000000E+000,0.000000000000000E+000)
 (3.825519767348905E-002,-1.600282957606668E-002)
 (0.000000000000000E+000,0.000000000000000E+000)
 (0.000000000000000E+000,0.000000000000000E+000)
 (3.997760931915813E-002,-1.759613844276236E-002)
 (0.000000000000000E+000,0.000000000000000E+000)
 (0.000000000000000E+000,0.000000000000000E+000)
 (3.856623671164408E-002,-1.922884868378259E-002)
 (0.000000000000000E+000,0.000000000000000E+000)
 (0.000000000000000E+000,0.000000000000000E+000)
 (3.773093183252965E-002,-1.484971255936671E-002)
 (0.000000000000000E+000,0.000000000000000E+000)
 (0.000000000000000E+000,0.000000000000000E+000)
 (3.841373592373244E-002,-1.788794883885091E-002)
 (0.000000000000000E+000,0.000000000000000E+000)
 (0.000000000000000E+000,0.000000000000000E+000)
 (3.973531007367626E-002,-1.193787899373563E-002)
 (0.000000000000000E+000,0.000000000000000E+000)
 (0.000000000000000E+000,0.000000000000000E+000)
 (3.794524154048425E-002,-1.886593378762885E-002)
 (0.000000000000000E+000,0.000000000000000E+000)
 (0.000000000000000E+000,0.000000000000000E+000)
 (4.103041714232813E-002,-1.852175175348552E-002)
 (0.000000000000000E+000,0.000000000000000E+000)
 (0.000000000000000E+000,0.000000000000000E+000)
 (3.750724161075013E-002,-3.894841108747168E-003)
 (0.000000000000000E+000,0.000000000000000E+000)
 (0.000000000000000E+000,0.000000000000000E+000)
 (4.101875622964016E-002,-1.058740167566731E-002)
 (0.000000000000000E+000,0.000000000000000E+000)
 (0.000000000000000E+000,0.000000000000000E+000)
 (4.025269205658497E-002,-1.321454852155382E-002)
 (0.000000000000000E+000,0.000000000000000E+000)
 (0.000000000000000E+000,0.000000000000000E+000)
 (3.881408657969649E-002,-1.699700481234439E-002)
 (0.000000000000000E+000,0.000000000000000E+000)
 (0.000000000000000E+000,0.000000000000000E+000)
 (4.525083576246062E-002,7.405440161735532E-003)
 (0.000000000000000E+000,0.000000000000000E+000)
 (0.000000000000000E+000,0.000000000000000E+000)
 (4.019460141606573E-002,-6.272111534800196E-003)
 (0.000000000000000E+000,0.000000000000000E+000)
 (0.000000000000000E+000,0.000000000000000E+000)
 (4.184563871572798E-002,-6.576412052126026E-003)
 (0.000000000000000E+000,0.000000000000000E+000)
 (0.000000000000000E+000,0.000000000000000E+000)
 (3.994535117739908E-002,-1.411874653160426E-002)
 (0.000000000000000E+000,0.000000000000000E+000)
 (0.000000000000000E+000,0.000000000000000E+000)
 (4.004386698944114E-002,1.220693298620108E-002)
 (0.000000000000000E+000,0.000000000000000E+000)
 (0.000000000000000E+000,0.000000000000000E+000)
 (4.100707108008586E-002,1.063013622870375E-002)
 (0.000000000000000E+000,0.000000000000000E+000)
 (0.000000000000000E+000,0.000000000000000E+000)
 (4.211138861146090E-002,-4.553945326289425E-003)
 (0.000000000000000E+000,0.000000000000000E+000)
 (0.000000000000000E+000,0.000000000000000E+000)
 (4.080128644640410E-002,-1.138992360768306E-002)
 (0.000000000000000E+000,0.000000000000000E+000)
 (0.000000000000000E+000,0.000000000000000E+000)
 (4.178014885491655E-002,-6.967105388088384E-003)
 (0.000000000000000E+000,0.000000000000000E+000)
 (0.000000000000000E+000,0.000000000000000E+000)
 (4.043282612837088E-002,1.350890194240725E-002)
 (0.000000000000000E+000,0.000000000000000E+000)
 (0.000000000000000E+000,0.000000000000000E+000)
 (4.235069601689550E-002,-1.624820427986765E-004)
 (0.000000000000000E+000,0.000000000000000E+000)
 (0.000000000000000E+000,0.000000000000000E+000)
 (4.235059764242066E-002,-1.864511790156131E-004)
 (0.000000000000000E+000,0.000000000000000E+000)
 (0.000000000000000E+000,0.000000000000000E+000)
 (4.163516185163776E-002,-7.743135621374831E-003)
 (0.000000000000000E+000,0.000000000000000E+000)
 (0.000000000000000E+000,0.000000000000000E+000)
 (4.206135752675842E-002,-4.912467188944948E-003)
 (0.000000000000000E+000,0.000000000000000E+000)
 (0.000000000000000E+000,0.000000000000000E+000)
 (3.934174016515213E-002,1.653861742849129E-002)
 (0.000000000000000E+000,0.000000000000000E+000)
 (0.000000000000000E+000,0.000000000000000E+000)
 (3.915191358377589E-002,2.875411043181863E-004)
 (0.000000000000000E+000,0.000000000000000E+000)
 (0.000000000000000E+000,0.000000000000000E+000)
 (3.949412284020180E-002,7.749356593475685E-003)
 (0.000000000000000E+000,0.000000000000000E+000)
 (0.000000000000000E+000,0.000000000000000E+000)
 (4.228254319947860E-002,2.039946316972015E-003)
 (0.000000000000000E+000,0.000000000000000E+000)
 (0.000000000000000E+000,0.000000000000000E+000)
 (4.207994408058806E-002,-4.431410788479374E-003)
 (0.000000000000000E+000,0.000000000000000E+000)
 (0.000000000000000E+000,0.000000000000000E+000)
 (3.817633977674587E-002,1.837879892909820E-002)
 (0.000000000000000E+000,0.000000000000000E+000)
 (0.000000000000000E+000,0.000000000000000E+000)
 (4.589732889411229E-002,-2.090182864555322E-003)
 (0.000000000000000E+000,0.000000000000000E+000)
 (0.000000000000000E+000,0.000000000000000E+000)
 (3.699167120760156E-002,1.243657911960882E-002)
 (0.000000000000000E+000,0.000000000000000E+000)
 (0.000000000000000E+000,0.000000000000000E+000)
 (4.177892858776528E-002,6.329081113469522E-003)
 (0.000000000000000E+000,0.000000000000000E+000)
 (0.000000000000000E+000,0.000000000000000E+000)
 (4.217202690613488E-002,-3.973187845435210E-004)
 (0.000000000000000E+000,0.000000000000000E+000)
 (0.000000000000000E+000,0.000000000000000E+000)
 (3.694012503389188E-002,2.031332748131621E-002)
 (0.000000000000000E+000,0.000000000000000E+000)
 (0.000000000000000E+000,0.000000000000000E+000)
 (3.415669347247879E-002,1.885143447161611E-002)
 (0.000000000000000E+000,0.000000000000000E+000)
 (0.000000000000000E+000,0.000000000000000E+000)
 (3.593483417736168E-002,2.244762706250190E-002)
 (0.000000000000000E+000,0.000000000000000E+000)
 (0.000000000000000E+000,0.000000000000000E+000)
 (4.191141955250410E-002,2.716541676466658E-003)
 (0.000000000000000E+000,0.000000000000000E+000)
 (0.000000000000000E+000,0.000000000000000E+000)
 (4.112291845509078E-002,8.255608199501031E-003)
 (0.000000000000000E+000,0.000000000000000E+000)
 (0.000000000000000E+000,0.000000000000000E+000)
 (4.425251418657229E-002,1.408972486587111E-003)
 (0.000000000000000E+000,0.000000000000000E+000)
 (0.000000000000000E+000,0.000000000000000E+000)
 (4.500940345737780E-002,3.242670665593119E-003)
 (0.000000000000000E+000,0.000000000000000E+000)
 (0.000000000000000E+000,0.000000000000000E+000)
 (3.645358693945286E-002,2.135859241066293E-002)
 (0.000000000000000E+000,0.000000000000000E+000)
 (0.000000000000000E+000,0.000000000000000E+000)
 (3.525507290399574E-002,2.204789518961404E-002)
 (0.000000000000000E+000,0.000000000000000E+000)
 (0.000000000000000E+000,0.000000000000000E+000)
 (3.382594975362026E-002,1.994988008054274E-002)
 (0.000000000000000E+000,0.000000000000000E+000)
 (0.000000000000000E+000,0.000000000000000E+000)
 (4.112524750876052E-002,3.559942917792568E-003)
 (0.000000000000000E+000,0.000000000000000E+000)
 (0.000000000000000E+000,0.000000000000000E+000)
 (3.994986819521225E-002,1.041065564205306E-002)
 (0.000000000000000E+000,0.000000000000000E+000)
 (0.000000000000000E+000,0.000000000000000E+000)
 (3.987200111181159E-002,1.941693139044239E-002)
 (0.000000000000000E+000,0.000000000000000E+000)
 (0.000000000000000E+000,0.000000000000000E+000)
 (3.198327366339365E-002,1.789095716546771E-002)
 (0.000000000000000E+000,0.000000000000000E+000)
 (0.000000000000000E+000,0.000000000000000E+000)
 (3.166276871422281E-002,1.985595299290022E-003)
 (0.000000000000000E+000,0.000000000000000E+000)
 (0.000000000000000E+000,0.000000000000000E+000)
 (3.375720619033423E-002,1.874576357386104E-002)
 (0.000000000000000E+000,0.000000000000000E+000)
 (0.000000000000000E+000,0.000000000000000E+000)
 (3.384331810254852E-002,-1.401285712851667E-002)
 (0.000000000000000E+000,0.000000000000000E+000)
 (0.000000000000000E+000,0.000000000000000E+000)
 (3.783727402097131E-002,1.085414093004517E-002)
 (0.000000000000000E+000,0.000000000000000E+000)
 (0.000000000000000E+000,0.000000000000000E+000)
 (3.185153889679550E-002,1.441295927286311E-002)
 (0.000000000000000E+000,0.000000000000000E+000)
 (0.000000000000000E+000,0.000000000000000E+000)
 (3.619843404710318E-002,-4.063235554758398E-003)
 (0.000000000000000E+000,0.000000000000000E+000)
 (0.000000000000000E+000,0.000000000000000E+000)
 (3.606818739381715E-002,6.605172535176314E-003)
 (0.000000000000000E+000,0.000000000000000E+000)
 (0.000000000000000E+000,0.000000000000000E+000)
 (4.068121213261684E-002,1.223876464443325E-002)
 (0.000000000000000E+000,0.000000000000000E+000)
 (0.000000000000000E+000,0.000000000000000E+000)
 (3.559253897045049E-002,1.534056189946248E-002)
 (0.000000000000000E+000,0.000000000000000E+000)
 (0.000000000000000E+000,0.000000000000000E+000)
 (4.627908158168108E-002,-1.728072240804198E-002)
 (0.000000000000000E+000,0.000000000000000E+000)
 (0.000000000000000E+000,0.000000000000000E+000)
 (3.638420538280605E-002,-1.425778800304429E-002)
 (0.000000000000000E+000,0.000000000000000E+000)
 (0.000000000000000E+000,0.000000000000000E+000)
 (3.991769230515779E-002,-4.189717265317321E-003)
 (0.000000000000000E+000,0.000000000000000E+000)
 (0.000000000000000E+000,0.000000000000000E+000)
 (3.906901743381255E-002,-9.191422419391044E-003)
 (0.000000000000000E+000,0.000000000000000E+000)
 (0.000000000000000E+000,0.000000000000000E+000)
 (3.749857790633038E-002,-1.431313992386606E-002)
 (0.000000000000000E+000,0.000000000000000E+000)
 (0.000000000000000E+000,0.000000000000000E+000)
 (3.399822449072696E-002,1.733269375586081E-003)
 (0.000000000000000E+000,0.000000000000000E+000)
 (0.000000000000000E+000,0.000000000000000E+000)
 (3.855671744732127E-002,5.527244229661811E-003)
 (0.000000000000000E+000,0.000000000000000E+000)
 (0.000000000000000E+000,0.000000000000000E+000)
 (3.424592165399866E-002,2.144496065904356E-002)
 (0.000000000000000E+000,0.000000000000000E+000)
 (0.000000000000000E+000,0.000000000000000E+000)
 (3.874982718449524E-002,-4.222522786956079E-003)
 (0.000000000000000E+000,0.000000000000000E+000)
 (0.000000000000000E+000,0.000000000000000E+000)
 (3.289926464955870E-002,-1.345576255362220E-002)
 (0.000000000000000E+000,0.000000000000000E+000)
 (0.000000000000000E+000,0.000000000000000E+000)
 (3.230222678002610E-002,-1.543378866561944E-002)
 (0.000000000000000E+000,0.000000000000000E+000)
 (0.000000000000000E+000,0.000000000000000E+000)
 (4.187604927079944E-002,1.426040701254150E-002)
 (0.000000000000000E+000,0.000000000000000E+000)
 (0.000000000000000E+000,0.000000000000000E+000)
 (3.519440960196887E-002,-5.196510597795872E-003)
 (0.000000000000000E+000,0.000000000000000E+000)
 (0.000000000000000E+000,0.000000000000000E+000)
 (3.356804812283581E-002,1.858353417088793E-002)
 (0.000000000000000E+000,0.000000000000000E+000)
 (0.000000000000000E+000,0.000000000000000E+000)
 (3.375526823135534E-002,2.112069304567584E-002)
 (0.000000000000000E+000,0.000000000000000E+000)
 (0.000000000000000E+000,0.000000000000000E+000)
 (4.146759884421804E-002,-1.970185715825500E-002)
 (0.000000000000000E+000,0.000000000000000E+000)
 (0.000000000000000E+000,0.000000000000000E+000)
 (3.909306261844311E-002,-6.136937639051124E-005)
 (0.000000000000000E+000,0.000000000000000E+000)
 (0.000000000000000E+000,0.000000000000000E+000)
 (4.416352418902228E-002,7.222268851814612E-003)
 (0.000000000000000E+000,0.000000000000000E+000)
 (0.000000000000000E+000,0.000000000000000E+000)
 (3.823378601748859E-002,-7.702437954102137E-003)
 (0.000000000000000E+000,0.000000000000000E+000)
 (0.000000000000000E+000,0.000000000000000E+000)
 (3.866313529586420E-002,6.668455115897281E-003)
 (0.000000000000000E+000,0.000000000000000E+000)
 (0.000000000000000E+000,0.000000000000000E+000)
 (3.490649047877305E-002,1.589613850659792E-002)
 (0.000000000000000E+000,0.000000000000000E+000)
 (0.000000000000000E+000,0.000000000000000E+000)
 (3.606485824148439E-002,1.738262187877893E-002)
 (0.000000000000000E+000,0.000000000000000E+000)
 (0.000000000000000E+000,0.000000000000000E+000)
 (3.283063606318956E-002,1.935677550465571E-002)
 (0.000000000000000E+000,0.000000000000000E+000)
 (0.000000000000000E+000,0.000000000000000E+000)
 (3.887454420966599E-002,1.739383138000419E-002)
 (0.000000000000000E+000,0.000000000000000E+000)
 (0.000000000000000E+000,0.000000000000000E+000)
 (3.461691874347589E-002,2.032860698703832E-002)
 (0.000000000000000E+000,0.000000000000000E+000)
 (0.000000000000000E+000,0.000000000000000E+000)
 (3.728526267790910E-002,-3.663876447060260E-004)
 (0.000000000000000E+000,0.000000000000000E+000)
 (0.000000000000000E+000,0.000000000000000E+000)
 (3.380285834038313E-002,1.859099686832981E-002)
 (0.000000000000000E+000,0.000000000000000E+000)
 (0.000000000000000E+000,0.000000000000000E+000)
 (4.248859686665677E-002,-3.774608556022863E-003)
 (0.000000000000000E+000,0.000000000000000E+000)
 (0.000000000000000E+000,0.000000000000000E+000)
 (3.896192335868592E-002,1.393397163539442E-002)
 (0.000000000000000E+000,0.000000000000000E+000)
 (0.000000000000000E+000,0.000000000000000E+000)
 (2.951364345639228E-002,4.998391902212318E-003)
 (0.000000000000000E+000,0.000000000000000E+000)
 (0.000000000000000E+000,0.000000000000000E+000)
 (3.667602937616316E-002,1.275855670917618E-002)
 (0.000000000000000E+000,0.000000000000000E+000)
 (0.000000000000000E+000,0.000000000000000E+000)
 (2.885401958360164E-002,-1.194582798215176E-002)
 (0.000000000000000E+000,0.000000000000000E+000)
 (0.000000000000000E+000,0.000000000000000E+000)
 (4.078934295237858E-002,1.722294702264700E-003)
 (0.000000000000000E+000,0.000000000000000E+000)
 (0.000000000000000E+000,0.000000000000000E+000)
 (3.814141929203269E-002,-7.734973439041466E-003)
 (0.000000000000000E+000,0.000000000000000E+000)
 (0.000000000000000E+000,0.000000000000000E+000)
 (4.548407338829389E-002,1.214653941077264E-002)
 (0.000000000000000E+000,0.000000000000000E+000)
 (0.000000000000000E+000,0.000000000000000E+000)
 (4.398838481392581E-002,5.948541773551972E-003)
 (0.000000000000000E+000,0.000000000000000E+000)
 (0.000000000000000E+000,0.000000000000000E+000)
 (3.345012658519485E-002,5.081978832246426E-003)
 (0.000000000000000E+000,0.000000000000000E+000)
 (0.000000000000000E+000,0.000000000000000E+000)
 (4.084191834156517E-002,1.193151053969076E-002)
 (0.000000000000000E+000,0.000000000000000E+000)
 (0.000000000000000E+000,0.000000000000000E+000)
 (3.447606517558845E-002,1.085633179549387E-002)
 (0.000000000000000E+000,0.000000000000000E+000)
 (0.000000000000000E+000,0.000000000000000E+000)
 (3.572392740077272E-002,1.986464342523444E-003)
 (0.000000000000000E+000,0.000000000000000E+000)
 (0.000000000000000E+000,0.000000000000000E+000)
 (3.872052409703258E-002,5.384991745632459E-003)
 (0.000000000000000E+000,0.000000000000000E+000)
 (0.000000000000000E+000,0.000000000000000E+000)
 (3.888681508493015E-002,1.344481609316732E-002)
 (0.000000000000000E+000,0.000000000000000E+000)
 (0.000000000000000E+000,0.000000000000000E+000)
 (3.678282385560439E-002,-9.223432624074865E-003)
 (0.000000000000000E+000,0.000000000000000E+000)
 (0.000000000000000E+000,0.000000000000000E+000)
 (3.832394311723013E-002,-1.505338911466708E-002)
 (0.000000000000000E+000,0.000000000000000E+000)
 (0.000000000000000E+000,0.000000000000000E+000)
 (3.842123058646092E-002,1.771909356075768E-002)
 (0.000000000000000E+000,0.000000000000000E+000)
 (0.000000000000000E+000,0.000000000000000E+000)
 (3.514138132774290E-002,-1.975897139526342E-002)
 (0.000000000000000E+000,0.000000000000000E+000)
 (0.000000000000000E+000,0.000000000000000E+000)
 (3.570646465215094E-002,-9.617048496027431E-003)
 (0.000000000000000E+000,0.000000000000000E+000)
 (0.000000000000000E+000,0.000000000000000E+000)
 (2.826232490994215E-002,-7.484941099384440E-003)
 (0.000000000000000E+000,0.000000000000000E+000)
 (0.000000000000000E+000,0.000000000000000E+000)
 (3.188871505311211E-002,-8.066060649109599E-003)
 (0.000000000000000E+000,0.000000000000000E+000)
 (0.000000000000000E+000,0.000000000000000E+000)
 (3.774031191817825E-002,-1.079426363221251E-002)
 (0.000000000000000E+000,0.000000000000000E+000)
 (0.000000000000000E+000,0.000000000000000E+000)
 (3.611733035593787E-002,-1.847837469222324E-002)
 (0.000000000000000E+000,0.000000000000000E+000)
 (0.000000000000000E+000,0.000000000000000E+000)
 (3.981582278126596E-002,-1.505435777261457E-002)
 (0.000000000000000E+000,0.000000000000000E+000)
 (0.000000000000000E+000,0.000000000000000E+000)
 (3.706393220095179E-002,-1.376549522838411E-003)
 (0.000000000000000E+000,0.000000000000000E+000)
 (0.000000000000000E+000,0.000000000000000E+000)
 (2.853548186177329E-002,1.265306643170926E-002)
 (0.000000000000000E+000,0.000000000000000E+000)
 (0.000000000000000E+000,0.000000000000000E+000)
 (3.574655235264119E-002,1.776666635204774E-002)
 (0.000000000000000E+000,0.000000000000000E+000)
 (0.000000000000000E+000,0.000000000000000E+000)
 (2.774079283121454E-002,-1.439552276137775E-002)
 (0.000000000000000E+000,0.000000000000000E+000)
 (0.000000000000000E+000,0.000000000000000E+000)
 (4.499933084242114E-002,7.372515951542539E-003)
 (0.000000000000000E+000,0.000000000000000E+000)
 (0.000000000000000E+000,0.000000000000000E+000)
 (3.828580825538996E-002,-7.121537005756202E-003)
 (0.000000000000000E+000,0.000000000000000E+000)
 (0.000000000000000E+000,0.000000000000000E+000)
 (3.095082865881878E-002,-1.869636198208241E-002)
 (0.000000000000000E+000,0.000000000000000E+000)
 (0.000000000000000E+000,0.000000000000000E+000)
 (4.074300366173662E-002,-1.239621122208158E-002)
 (0.000000000000000E+000,0.000000000000000E+000)
 (0.000000000000000E+000,0.000000000000000E+000)
 (3.563472902235953E-002,4.112860397705625E-003)
 (0.000000000000000E+000,0.000000000000000E+000)
 (0.000000000000000E+000,0.000000000000000E+000)
 (3.324660386181527E-002,1.839689414157534E-002)
 (0.000000000000000E+000,0.000000000000000E+000)
 (0.000000000000000E+000,0.000000000000000E+000)
 (3.238814658450664E-002,-1.929263419477065E-002)
 (0.000000000000000E+000,0.000000000000000E+000)
 (0.000000000000000E+000,0.000000000000000E+000)
 (3.624568694738427E-002,1.544872135141758E-003)
 (0.000000000000000E+000,0.000000000000000E+000)
 (0.000000000000000E+000,0.000000000000000E+000)
 (3.272143310300769E-002,1.584000881385873E-002)
 (0.000000000000000E+000,0.000000000000000E+000)
 (0.000000000000000E+000,0.000000000000000E+000)
 (3.268610554062033E-002,-7.981218989560663E-003)
 (0.000000000000000E+000,0.000000000000000E+000)
 (0.000000000000000E+000,0.000000000000000E+000)
 (3.425544172334394E-002,-1.126537579189580E-002)
 (0.000000000000000E+000,0.000000000000000E+000)
 (0.000000000000000E+000,0.000000000000000E+000)
 (3.934259599608787E-002,2.800322701558357E-003)
 (0.000000000000000E+000,0.000000000000000E+000)
 (0.000000000000000E+000,0.000000000000000E+000)
 (3.759593732195331E-002,1.089839747972496E-002)
 (0.000000000000000E+000,0.000000000000000E+000)
 (0.000000000000000E+000,0.000000000000000E+000)
 (2.878280526330908E-002,-1.562493981107998E-002)
 (0.000000000000000E+000,0.000000000000000E+000)
 (0.000000000000000E+000,0.000000000000000E+000)
 (2.161968647436405E-002,-1.368337823902347E-002)
 (0.000000000000000E+000,0.000000000000000E+000)
 (0.000000000000000E+000,0.000000000000000E+000)
 (2.982582536415178E-002,2.277986362653359E-003)
 (0.000000000000000E+000,0.000000000000000E+000)
 (0.000000000000000E+000,0.000000000000000E+000)
 (3.649299569427696E-002,1.119352655487297E-002)
 (0.000000000000000E+000,0.000000000000000E+000)
 (0.000000000000000E+000,0.000000000000000E+000)
 (3.419153228219310E-002,1.456766056405187E-002)
 (0.000000000000000E+000,0.000000000000000E+000)
 (0.000000000000000E+000,0.000000000000000E+000)
 (3.720437366449609E-002,-7.602216183444302E-003)
 (0.000000000000000E+000,0.000000000000000E+000)
 (0.000000000000000E+000,0.000000000000000E+000)
 (3.521596123373859E-002,-1.584733850836886E-002)
 (0.000000000000000E+000,0.000000000000000E+000)
 (0.000000000000000E+000,0.000000000000000E+000)
 (3.116869445597849E-002,1.183262492305587E-002)
 (0.000000000000000E+000,0.000000000000000E+000)
 (0.000000000000000E+000,0.000000000000000E+000)
 (3.683114727073960E-002,-7.652521314349105E-003)
 (0.000000000000000E+000,0.000000000000000E+000)
 (0.000000000000000E+000,0.000000000000000E+000)
 (3.125548479769781E-002,1.243760516870126E-002)
 (0.000000000000000E+000,0.000000000000000E+000)
 (0.000000000000000E+000,0.000000000000000E+000)
 (3.386492038340390E-002,8.068840185159496E-003)
 (0.000000000000000E+000,0.000000000000000E+000)
 (0.000000000000000E+000,0.000000000000000E+000)
 (3.105314998412183E-002,-1.115241712787676E-002)
 (0.000000000000000E+000,0.000000000000000E+000)
 (0.000000000000000E+000,0.000000000000000E+000)
 (2.917925709111521E-002,-5.251939966617196E-003)
 (0.000000000000000E+000,0.000000000000000E+000)
 (0.000000000000000E+000,0.000000000000000E+000)
 (2.543263520062434E-002,1.439508558400998E-002)
 (0.000000000000000E+000,0.000000000000000E+000)
 (0.000000000000000E+000,0.000000000000000E+000)
 (2.606877070149144E-002,-1.649142844928542E-002)
 (0.000000000000000E+000,0.000000000000000E+000)
 (0.000000000000000E+000,0.000000000000000E+000)
 (3.435845214629740E-002,-2.700745209893253E-003)
 (0.000000000000000E+000,0.000000000000000E+000)
 (0.000000000000000E+000,0.000000000000000E+000)
 (3.182806733162578E-002,6.867991709778557E-003)
 (0.000000000000000E+000,0.000000000000000E+000)
 (0.000000000000000E+000,0.000000000000000E+000)
 (3.258727279725759E-002,4.846431257079273E-003)
 (0.000000000000000E+000,0.000000000000000E+000)
 (0.000000000000000E+000,0.000000000000000E+000)
 (2.943400294059100E-002,-5.147449145757174E-003)
 (0.000000000000000E+000,0.000000000000000E+000)
 (0.000000000000000E+000,0.000000000000000E+000)
 (3.243566511434834E-002,-1.093472570105032E-003)
 (0.000000000000000E+000,0.000000000000000E+000)
 (0.000000000000000E+000,0.000000000000000E+000)
 (3.600024479703033E-002,-4.558509977525296E-003)
 (0.000000000000000E+000,0.000000000000000E+000)
 (0.000000000000000E+000,0.000000000000000E+000)
 (3.211034385956512E-002,1.576262848655216E-002)
 (0.000000000000000E+000,0.000000000000000E+000)
 (0.000000000000000E+000,0.000000000000000E+000)
 (3.526753261804905E-002,-1.600997860690894E-003)
 (0.000000000000000E+000,0.000000000000000E+000)
 (0.000000000000000E+000,0.000000000000000E+000)
 (2.889540082873439E-002,1.241455766627587E-002)
 (0.000000000000000E+000,0.000000000000000E+000)
 (0.000000000000000E+000,0.000000000000000E+000)
 (2.637512343860910E-002,-9.355864688225246E-003)
 (0.000000000000000E+000,0.000000000000000E+000)
 (0.000000000000000E+000,0.000000000000000E+000)
 (2.520925867774755E-002,1.303608916410475E-002)
 (0.000000000000000E+000,0.000000000000000E+000)
 (0.000000000000000E+000,0.000000000000000E+000)
 (2.991283897026617E-002,-1.854297816176786E-002)
 (0.000000000000000E+000,0.000000000000000E+000)
 (0.000000000000000E+000,0.000000000000000E+000)
 (2.594212654617377E-002,1.004954823096463E-002)
 (0.000000000000000E+000,0.000000000000000E+000)
 (0.000000000000000E+000,0.000000000000000E+000)
 (3.965709025262239E-002,1.293436131278478E-002)
 (0.000000000000000E+000,0.000000000000000E+000)
 (0.000000000000000E+000,0.000000000000000E+000)
 (2.836098308054175E-002,1.392916640533997E-002)
 (0.000000000000000E+000,0.000000000000000E+000)
 (0.000000000000000E+000,0.000000000000000E+000)
 (3.168404731827595E-002,-4.754593854567577E-003)
 (0.000000000000000E+000,0.000000000000000E+000)
 (0.000000000000000E+000,0.000000000000000E+000)
 (2.746175449270092E-002,-7.687215265997121E-003)
 (0.000000000000000E+000,0.000000000000000E+000)
 (0.000000000000000E+000,0.000000000000000E+000)
 (2.767674505611212E-002,1.558138264968963E-002)
 (0.000000000000000E+000,0.000000000000000E+000)
 (0.000000000000000E+000,0.000000000000000E+000)
 (3.563034736271221E-002,-1.301170949509814E-002)
 (0.000000000000000E+000,0.000000000000000E+000)
 (0.000000000000000E+000,0.000000000000000E+000)
 (3.405062499807839E-002,-7.069746506437885E-003)
 (0.000000000000000E+000,0.000000000000000E+000)
 (0.000000000000000E+000,0.000000000000000E+000)
 (3.142783706139174E-002,1.232145211301675E-002)
 (0.000000000000000E+000,0.000000000000000E+000)
 (0.000000000000000E+000,0.000000000000000E+000)
 (4.322405370820791E-002,1.153092677477175E-002)
 (0.000000000000000E+000,0.000000000000000E+000)
 (0.000000000000000E+000,0.000000000000000E+000)
 (2.800790836389071E-002,4.502715767804386E-003)
 (0.000000000000000E+000,0.000000000000000E+000)
 (0.000000000000000E+000,0.000000000000000E+000)
 (3.345344535883407E-002,-3.564675675757082E-003)
 (0.000000000000000E+000,0.000000000000000E+000)
 (0.000000000000000E+000,0.000000000000000E+000)
 (2.856128215285834E-002,-1.172953176658695E-002)
 (0.000000000000000E+000,0.000000000000000E+000)
 (0.000000000000000E+000,0.000000000000000E+000)
 (2.687591009681475E-002,-1.407844235024213E-002)
 (0.000000000000000E+000,0.000000000000000E+000)
 (0.000000000000000E+000,0.000000000000000E+000)
 (3.474161751544732E-002,-4.459269943082337E-003)
 (0.000000000000000E+000,0.000000000000000E+000)
 (0.000000000000000E+000,0.000000000000000E+000)
 (2.692206917286248E-002,1.608277253073918E-002)
 (0.000000000000000E+000,0.000000000000000E+000)
 (0.000000000000000E+000,0.000000000000000E+000)
 (2.577031591059352E-002,1.324377083470171E-002)
 (0.000000000000000E+000,0.000000000000000E+000)
 (0.000000000000000E+000,0.000000000000000E+000)
 (2.722693363710183E-002,1.290891216453935E-002)
 (0.000000000000000E+000,0.000000000000000E+000)
 (0.000000000000000E+000,0.000000000000000E+000)
 (2.754403763993150E-002,-1.400918745353194E-002)
 (0.000000000000000E+000,0.000000000000000E+000)
 (0.000000000000000E+000,0.000000000000000E+000)
 (2.657933463157820E-002,6.566825673756970E-003)
 (0.000000000000000E+000,0.000000000000000E+000)
 (0.000000000000000E+000,0.000000000000000E+000)
 (3.461677700208105E-002,2.847688221562637E-003)
 (0.000000000000000E+000,0.000000000000000E+000)
 (0.000000000000000E+000,0.000000000000000E+000)
 (2.760703908584125E-002,-5.479966085106222E-003)
 (0.000000000000000E+000,0.000000000000000E+000)
 (0.000000000000000E+000,0.000000000000000E+000)
 (2.409644604236379E-002,-8.583634207055966E-003)
 (0.000000000000000E+000,0.000000000000000E+000)
 (0.000000000000000E+000,0.000000000000000E+000)
 (3.073581848086865E-002,-1.458188871400177E-002)
 (0.000000000000000E+000,0.000000000000000E+000)
 (0.000000000000000E+000,0.000000000000000E+000)
 (2.617134576799159E-002,1.316236655646735E-002)
 (0.000000000000000E+000,0.000000000000000E+000)
 (0.000000000000000E+000,0.000000000000000E+000)
 (2.015250015313906E-002,-1.290260802607554E-002)
 (0.000000000000000E+000,0.000000000000000E+000)
 (0.000000000000000E+000,0.000000000000000E+000)
 (2.843948414106548E-002,-1.295835232196191E-003)
 (0.000000000000000E+000,0.000000000000000E+000)
 (0.000000000000000E+000,0.000000000000000E+000)
 (2.789613533743644E-002,-2.738182204022880E-003)
 (0.000000000000000E+000,0.000000000000000E+000)
 (0.000000000000000E+000,0.000000000000000E+000)
 (3.025692100369259E-002,8.612823764467353E-004)
 (0.000000000000000E+000,0.000000000000000E+000)
 (0.000000000000000E+000,0.000000000000000E+000)
 (4.313419405565747E-002,1.032826900451317E-002)
 (0.000000000000000E+000,0.000000000000000E+000)
 (0.000000000000000E+000,0.000000000000000E+000)
 (2.733633169810938E-002,1.259588821745966E-002)
 (0.000000000000000E+000,0.000000000000000E+000)
 (0.000000000000000E+000,0.000000000000000E+000)
 (3.045767197285713E-002,-8.577220857739796E-003)
 (0.000000000000000E+000,0.000000000000000E+000)
 (0.000000000000000E+000,0.000000000000000E+000)
 (2.582163933447851E-002,-7.323117663178538E-003)
 (0.000000000000000E+000,0.000000000000000E+000)
 (0.000000000000000E+000,0.000000000000000E+000)
 (2.491637723869289E-002,-1.420739538064310E-002)
 (0.000000000000000E+000,0.000000000000000E+000)
 (0.000000000000000E+000,0.000000000000000E+000)
 (2.385794051740734E-002,-5.942727317628324E-003)
 (0.000000000000000E+000,0.000000000000000E+000)
 (0.000000000000000E+000,0.000000000000000E+000)
 (2.729559602621767E-002,4.715318784376010E-003)
 (0.000000000000000E+000,0.000000000000000E+000)
 (0.000000000000000E+000,0.000000000000000E+000)
 (2.664763689723625E-002,-6.103131286147951E-003)
 (0.000000000000000E+000,0.000000000000000E+000)
 (0.000000000000000E+000,0.000000000000000E+000)
 (2.810361265494507E-002,-3.320319362757082E-003)
 (0.000000000000000E+000,0.000000000000000E+000)
 (0.000000000000000E+000,0.000000000000000E+000)
 (2.215339963227383E-002,-1.394381062331622E-002)
 (0.000000000000000E+000,0.000000000000000E+000)
 (0.000000000000000E+000,0.000000000000000E+000)
 (2.522258850970812E-002,-1.219895515480742E-002)
 (0.000000000000000E+000,0.000000000000000E+000)
 (0.000000000000000E+000,0.000000000000000E+000)
 (2.527962298427410E-002,-1.061351856224242E-002)
 (0.000000000000000E+000,0.000000000000000E+000)
 (0.000000000000000E+000,0.000000000000000E+000)
 (2.522015374888446E-002,-5.240322853602630E-003)
 (0.000000000000000E+000,0.000000000000000E+000)
 (0.000000000000000E+000,0.000000000000000E+000)
 (2.638121447930925E-002,6.722979317086518E-003)
 (0.000000000000000E+000,0.000000000000000E+000)
 (0.000000000000000E+000,0.000000000000000E+000)
 (2.533559523016140E-002,-3.026789374025775E-004)
 (0.000000000000000E+000,0.000000000000000E+000)
 (0.000000000000000E+000,0.000000000000000E+000)
 (1.985151420978612E-002,-1.271492349321172E-002)
 (0.000000000000000E+000,0.000000000000000E+000)
 (0.000000000000000E+000,0.000000000000000E+000)
 (6.188817146081110E-002,-4.119301515490534E-003)
 (0.000000000000000E+000,0.000000000000000E+000)
 (0.000000000000000E+000,0.000000000000000E+000)
