         476        1428
 (1.05835705785326,0.220290925221084)
 (-3.124728710072096E-005,1.369073278740742E-004)
 (-6.115123563731962E-003,-2.092568810196054E-002)
 (1.05828716402582,0.221374172056396)
 (-2.614721540163109E-005,3.962719196262102E-005)
 (6.144393028779345E-003,2.084949875408893E-002)
 (1.06151967435643,0.272877856241859)
 (4.170127403441539E-005,7.032779625920036E-005)
 (-2.481773936179876E-003,1.637741685915431E-002)
 (1.06013167797969,0.320432656422120)
 (6.993388696095116E-005,2.236257364838425E-005)
 (-8.580341330171876E-003,1.178021575643470E-002)
 (1.05666095134115,0.356344610674501)
 (-1.603767148596834E-005,7.055967609126499E-005)
 (-1.005740007322777E-002,7.392583718942617E-003)
 (1.05324953612593,0.378678034198046)
 (-3.223300098323204E-005,9.449156682734463E-006)
 (-6.580756758525172E-003,3.660837135007736E-003)
 (1.05215737949008,0.386029033309698)
 (-7.231431233171066E-006,-4.935853254086064E-005)
 (-1.174412887267352E-006,1.613486575463034E-004)
 (1.05330777694729,0.378530993541084)
 (-2.759513367196232E-005,-4.794632217429997E-005)
 (6.618363304705993E-003,-3.367370437080429E-003)
 (1.05646442357508,0.356237104069426)
 (-9.650024032089814E-005,-2.963322197374369E-005)
 (1.008597971068354E-002,-7.205017161287761E-003)
 (1.05983322927080,0.319865266888301)
 (-3.682812864062407E-005,-1.221513946936734E-004)
 (8.570914628549536E-003,-1.149596339165090E-002)
 (1.06173486732720,0.272943006981806)
 (6.807809123666379E-005,-1.792965770347351E-004)
 (2.434944216538981E-003,-1.633178688927532E-002)
 (1.06156777663597,0.280861001090536)
 (1.239734201909303E-003,-4.594877703941157E-003)
 (-3.479423178561561E-003,1.483678138759609E-002)
 (1.06182023984229,0.299732162163645)
 (1.912663177628346E-003,-4.806256909624905E-003)
 (5.795994055045310E-003,-1.340609960434059E-002)
 (1.05329989875704,0.378583254644063)
 (-5.763090484776706E-003,2.998388801230376E-003)
 (-3.330773998089149E-003,1.964816914542121E-003)
 (1.05840753714117,0.335655726524874)
 (-3.637280241408540E-003,3.624607173839469E-003)
 (9.042248815705893E-003,-9.198343812117869E-003)
 (1.06122964576076,0.298538404705808)
 (-1.911975353881034E-003,4.342910926379791E-003)
 (-5.689396665294950E-003,1.350131869322106E-002)
 (1.05527394019273,0.365137175319691)
 (5.148410432466158E-003,-3.327287844157703E-003)
 (7.859635028914718E-003,-4.899267303914118E-003)
 (1.05583650345699,0.363531537117390)
 (5.346498365181870E-003,-3.416238219179387E-003)
 (-8.004958071293276E-003,5.333861076518227E-003)
 (1.06086970282204,0.246233788455183)
 (5.193490427489946E-004,5.270126535450191E-003)
 (-1.842528102535037E-003,-1.815224078193384E-002)
 (1.05866151068057,0.335316204497923)
 (3.603487904803906E-003,-3.625012824767236E-003)
 (9.020822902198661E-003,-9.122383506468556E-003)
 (1.06008542613019,0.325223745663558)
 (3.518887874370219E-003,-4.028431315168645E-003)
 (-8.495099089447698E-003,1.009682066684016E-002)
 (1.05341037537866,0.378380375344585)
 (-5.797639044453832E-003,2.993130928677177E-003)
 (3.339726202597170E-003,-1.602192372981173E-003)
 (1.05554722364201,0.363156658990642)
 (-9.671985433535670E-003,6.220780534500548E-003)
 (-5.939875234555294E-005,2.064382352365214E-004)
 (1.05602509127804,0.357657942209315)
 (-8.700251069765030E-003,6.130474963446952E-003)
 (-4.996602851228186E-003,3.803723913928158E-003)
 (1.05632923250528,0.356232414495178)
 (-8.631350650632806E-003,6.144871029983148E-003)
 (5.281940107281435E-003,-3.689881599265282E-003)
 (1.05896638212968,0.333367089526043)
 (-9.529427826320059E-003,9.794496280286866E-003)
 (1.840776827926745E-003,-1.829146649373334E-003)
 (1.05971481137724,0.320395759675390)
 (-7.204512241874786E-003,9.701889408614377E-003)
 (4.699239781834307E-003,-6.300456409461275E-003)
 (1.06161540377693,0.245924965924607)
 (6.859128439039817E-004,5.105064440789396E-003)
 (2.204034872764364E-003,1.861380304163011E-002)
 (1.06126115055218,0.292999328441643)
 (-1.607998378175356E-003,4.157435577997090E-003)
 (5.143780511972298E-003,-1.372131118853178E-002)
 (1.06138852927666,0.264865490590027)
 (-7.348783544953529E-004,9.613379319440209E-003)
 (1.020408252313700E-003,-1.404346911465735E-002)
 (1.05302614550744,0.379174108238181)
 (5.482615188102928E-003,-2.923870402939385E-003)
 (-3.379085900009828E-003,1.924889393016158E-003)
 (1.05300794312025,0.378942440348105)
 (5.702403985865794E-003,-3.087551701574185E-003)
 (3.148725410746667E-003,-1.542064625239835E-003)
 (1.05562282369810,0.360284218088743)
 (9.015929258395084E-003,-6.319416431034472E-003)
 (3.868511012917352E-003,-2.644378946753330E-003)
 (1.06133556330034,0.292078533690478)
 (3.105813445255924E-003,-8.526816093265431E-003)
 (-4.214169342420897E-003,1.178656859412727E-002)
 (1.06117277006866,0.291057485524855)
 (-4.956636556103794E-003,1.386586968719914E-002)
 (1.503804274923129E-003,-4.158550126729619E-003)
 (1.06127230899988,0.263670482756731)
 (-5.740113527820041E-004,9.142374941632643E-003)
 (-7.922026257951305E-004,1.469635949662470E-002)
 (1.05588871529109,0.358159252136666)
 (8.949009922687533E-003,-6.385796344475712E-003)
 (-4.364028456701330E-003,3.272984624810215E-003)
 (1.06063687847898,0.303575830767597)
 (4.131116433179978E-003,-8.135581260039470E-003)
 (5.372311732896645E-003,-1.041281406543034E-002)
 (1.06154678559598,0.252094006356083)
 (-5.000527437824799E-004,-9.544671392146958E-003)
 (-8.102882048521988E-004,-1.573524461921810E-002)
 (1.06095137878789,0.296657952778008)
 (-5.956219516032557E-003,1.381527405744629E-002)
 (-2.373634659583550E-004,5.900685534492865E-004)
 (1.06042528902498,0.311560380574449)
 (-4.601967056601029E-003,7.522242386093841E-003)
 (-6.050665061035470E-003,1.032600964573312E-002)
 (1.06170112380397,0.276729677163540)
 (-2.349020734013225E-003,1.237455248485590E-002)
 (-1.901117396241139E-003,1.030365968707805E-002)
 (1.06201544443482,0.273548074869081)
 (-2.189133350581375E-003,1.344142331818244E-002)
 (1.321216946403403E-003,-9.308385626933355E-003)
 (1.06050921081876,0.240017756978772)
 (2.756327418886327E-003,1.843223646656960E-002)
 (-9.731529703291111E-004,-6.073636541321537E-003)
 (1.05830492355110,0.214382124808862)
 (3.602882931271781E-003,1.072644573332578E-002)
 (-6.322753266593537E-003,-1.871283472736250E-002)
 (1.05580934672024,0.195443797063610)
 (2.380869299384494E-003,5.213641584538279E-003)
 (-1.014559442217009E-002,-2.231759302195710E-002)
 (1.05030446735235,0.166143718864339)
 (6.885756731832790E-003,1.147101365855565E-002)
 (-1.296442445916788E-002,-2.158554775779593E-002)
 (1.04661312266067,0.150815448765105)
 (2.757943412994322E-003,4.144844247608964E-003)
 (-1.630797472591925E-002,-2.441258016815139E-002)
 (1.05398819472459,0.185864518987232)
 (8.324510159565278E-003,1.649854334497957E-002)
 (-8.421395989990733E-003,-1.665652337438073E-002)
 (1.05846893299015,0.338531352508504)
 (7.206657765206781E-003,-6.909741921114106E-003)
 (6.789340172934322E-003,-6.499287837517493E-003)
 (1.06121557852321,0.298458750409680)
 (5.197528234952538E-003,-1.174989274606702E-002)
 (3.191321963394640E-003,-7.410018689995964E-003)
 (1.05904585617285,0.332551445117657)
 (6.972362143679213E-003,-7.353736867286634E-003)
 (-6.601962669755220E-003,7.126135411711666E-003)
 (1.06127062659821,0.294395439251735)
 (4.595647401994957E-003,-1.181423585951849E-002)
 (-3.085686205064928E-003,8.082024721915432E-003)
 (1.06099593686338,0.250267941393322)
 (-9.296021271615987E-004,-1.353790108487555E-002)
 (8.316482598171371E-004,1.260665867688556E-002)
 (1.03954914908413,0.128105887238228)
 (7.932062720745632E-003,1.055124960277591E-002)
 (-1.626505647298910E-002,-2.152855775113707E-002)
 (1.03550126936852,0.117654482296514)
 (1.107256617332275E-003,1.451843259325673E-003)
 (-1.798185747471469E-002,-2.289129548750664E-002)
 (1.06101540863240,0.250251366386477)
 (-1.178078571821585E-003,-1.680626364290448E-002)
 (5.435168036191869E-004,7.826696176377998E-003)
 (1.05729400776942,0.205636289094775)
 (-7.318705227575303E-003,-1.840953838010832E-002)
 (4.869071498463030E-003,1.241815714478022E-002)
 (1.05709067474163,0.205094591581409)
 (-8.538410184669129E-003,-2.133179022492089E-002)
 (2.393034980858288E-003,6.137754244817532E-003)
 (1.04981226002397,0.163925208056706)
 (-1.365604369670763E-002,-2.210673214719870E-002)
 (6.309869404582661E-003,1.030287141782507E-002)
 (1.02801764105359,0.101254791355307)
 (6.764352926335823E-003,8.188543627456430E-003)
 (-1.441466869386995E-002,-1.738451524184357E-002)
 (1.05952602843172,0.227194687827182)
 (3.626027442446322E-003,1.455858645531852E-002)
 (3.693795303883262E-003,1.456066567454591E-002)
 (1.05019632266715,0.165954666094153)
 (-1.060847623017928E-002,-1.746674922456169E-002)
 (1.027337676766800E-002,1.693009822896306E-002)
 (1.04035583459152,0.130648385835960)
 (-1.466449421208119E-002,-1.955822031002935E-002)
 (1.045250134530734E-002,1.393258336389501E-002)
 (1.04150210404357,0.134701437362142)
 (-9.775180815133797E-003,-1.324733684602434E-002)
 (1.490150843778355E-002,2.032186150458750E-002)
 (1.05009523989402,0.166635775232565)
 (-1.447733933118893E-002,-2.414494239992367E-002)
 (1.455743824428897E-003,2.504412619409166E-003)
 (1.03083619489627,0.107268387787788)
 (-1.091831248720699E-002,-1.327418696164523E-002)
 (1.306598126431045E-002,1.585224126524059E-002)
 (1.03536156587963,0.116937242893279)
 (-4.341353485249372E-003,-5.451296300017579E-003)
 (1.744329419491609E-002,2.171074046577336E-002)
 (1.02596688189307,9.715725205698630E-002)
 (-2.221664388263175E-003,-2.541732473376922E-003)
 (-1.441682931330467E-002,-1.709489481250287E-002)
 (1.03548407240255,0.117630940156729)
 (-6.633354043815117E-003,-8.321487853988004E-003)
 (-1.675939987904298E-002,-2.130583257427767E-002)
 (1.02363584805002,9.288168849140406E-002)
 (-4.143516025192925E-003,-4.774299350367434E-003)
 (1.168323539843858E-002,1.338492446122278E-002)
 (1.03165045172430,0.108139518227952)
 (3.498556570554884E-003,4.322616038020293E-003)
 (1.680150172142116E-002,2.020647463438911E-002)
 (1.02812052263873,0.101346458147908)
 (-1.079313835439264E-002,-1.280036866179935E-002)
 (-1.158589502016211E-002,-1.390206070241470E-002)
 (1.03927520945845,0.127503760131077)
 (-1.262055625650534E-002,-1.659051744770674E-002)
 (-1.293277205471391E-002,-1.720414104010894E-002)
 (1.02298614336992,9.189224044692114E-002)
 (5.790870271289722E-003,6.783861532574500E-003)
 (1.049740924896086E-002,1.198780427784506E-002)
 (1.03148789842385,0.108813295309593)
 (1.121036070024815E-002,1.381279566376883E-002)
 (1.302322652959745E-002,1.583928378217253E-002)
 (1.03255118790073,0.110440229529539)
 (1.354035673410780E-002,1.684107656067303E-002)
 (-1.092391703876673E-002,-1.354290737522964E-002)
 (1.04127976158879,0.132284310543130)
 (7.614957233173030E-003,1.024500383379033E-002)
 (1.626876301607577E-002,2.190111281064635E-002)
 (1.04577484842179,0.147869795756095)
 (-4.021169208157628E-003,-5.934565332889598E-003)
 (1.634215999551714E-002,2.392090961578064E-002)
 (1.05680254904074,0.205304682577889)
 (-8.811036007359430E-003,-2.207281610199461E-002)
 (-3.170092720325548E-004,-7.413007173836140E-004)
 (1.06107571488934,0.288557174228906)
 (4.526927988115367E-003,-1.436775590670712E-002)
 (-1.139599903391642E-003,3.834518277001722E-003)
 (1.06049015375681,0.238229313415560)
 (2.888042735081429E-003,1.747245316129145E-002)
 (1.446850008474053E-003,8.928192385891529E-003)
 (1.05452112402121,0.188838576963328)
 (9.475414285079095E-003,1.964743318078588E-002)
 (6.097737574925779E-003,1.252012385094282E-002)
 (1.05672967744292,0.201367946036900)
 (9.157231729589162E-003,2.185304013130162E-002)
 (2.284347718097283E-003,5.516521617290697E-003)
 (1.02597396564422,9.720412998541673E-002)
 (1.354593119237489E-002,1.604742255185854E-002)
 (5.656479454854293E-003,6.482365741992528E-003)
 (1.03125620851856,0.108200487509829)
 (-1.612095960000487E-002,-1.972126118168724E-002)
 (5.803009005828361E-003,7.020587351718192E-003)
 (1.02036725312446,8.749752442199685E-002)
 (-5.782805912667921E-003,-6.524783744102385E-003)
 (-6.629740969990728E-003,-7.751677135611783E-003)
 (1.04624131058964,0.150334026190203)
 (-7.712605329389072E-003,-1.139017455277929E-002)
 (-1.466606198837947E-002,-2.196054979598961E-002)
 (1.05064941290079,0.166537102333991)
 (-1.059366393904106E-002,-1.742735873043822E-002)
 (-1.032846875735992E-002,-1.704448423036078E-002)
 (1.04418349492357,0.142029703546819)
 (-1.596235048870823E-002,-2.252437965298268E-002)
 (-6.753300815140108E-003,-9.625216685744731E-003)
 (1.04804014490887,0.156822254502372)
 (1.504304283515356E-002,2.341858978370015E-002)
 (4.976055389088634E-003,7.670912429337188E-003)
 (1.05076246679362,0.168475626427055)
 (1.436747426741842E-002,2.430805946383294E-002)
 (1.261941666848128E-004,1.901648443808267E-004)
 (1.05485917620759,0.189480970079649)
 (-1.018431801940471E-002,-2.053345230974730E-002)
 (-5.391276597806576E-003,-1.095858672874155E-002)
 (1.01963320256446,8.629216644112590E-002)
 (7.251768267386727E-003,8.405984328173109E-003)
 (-3.311622703300242E-004,-5.627649794416954E-004)
 (1.03994055923277,0.130292909489847)
 (1.788153751577430E-002,2.422480769673366E-002)
 (1.021222363655337E-003,1.290840646062249E-003)
 (1.04430452958672,0.143886605864696)
 (1.644879145953923E-002,2.388543807275441E-002)
 (-4.448408853635198E-003,-6.496811807291550E-003)
 (1.05284045774498,0.176106054909259)
 (9.060963152586355E-003,1.586615483794136E-002)
 (1.014812352639415E-002,1.799812014906465E-002)
 (1.05829224425990,0.214343342501259)
 (-5.336446051348218E-003,-1.572374046905636E-002)
 (-5.041798653126056E-003,-1.477873102723914E-002)
 (1.06066405074672,0.239519100804923)
 (-2.605653017018535E-003,-1.709451346733844E-002)
 (-1.372133582470531E-003,-9.044537580576361E-003)
 (1.02559566875679,9.681658350744321E-002)
 (1.430828678446982E-002,1.705491194645107E-002)
 (-3.306906945814892E-003,-4.011025350350433E-003)
 (1.02570195103605,9.662675713953153E-002)
 (-1.404447749078517E-002,-1.640176366796385E-002)
 (-1.627011839755591E-003,-2.026479522323178E-003)
 (1.01934557927730,8.603540882500679E-002)
 (-6.866649254156830E-003,-7.797220885670441E-003)
 (2.926956140187627E-003,3.222887685705631E-003)
 (1.03532844332654,0.117941139805955)
 (-1.795205686059110E-002,-2.269922882560341E-002)
 (-1.494715944940133E-003,-1.920725049324334E-003)
 (1.05835477176856,0.217379911775123)
 (6.832986393193787E-003,2.128902564337944E-002)
 (-3.040844379172089E-004,-8.677721502478253E-004)
 (1.04047550916669,0.131808116820334)
 (1.316045468178962E-002,1.786564597907122E-002)
 (1.219478879094939E-002,1.644295871448213E-002)
 (1.05300195582708,0.175571502607917)
 (4.243175608518035E-003,7.711487699808595E-003)
 (1.283704349651086E-002,2.288746353651581E-002)
 (1.03721347705093,0.122014668038759)
 (1.652017167144347E-002,2.133996032263230E-002)
 (7.382751609050088E-003,9.396795325475609E-003)
 (1.06115090417635,0.266198979964672)
 (8.977290196142231E-004,-1.247497890628285E-002)
 (8.375362253901580E-004,-1.172070237632677E-002)
 (1.06135024403653,0.281869861217545)
 (3.607422126456082E-003,-1.488498275357199E-002)
 (1.074949130086112E-003,-4.011018469948956E-003)
 (1.05580299620115,0.195154214754378)
 (-5.234636888079837E-003,-1.150264077814944E-002)
 (-8.976179615973971E-003,-1.986582883797743E-002)
 (1.05310864825246,0.181082109214727)
 (-9.936342820555237E-004,-1.851338859995611E-003)
 (-1.256920652866126E-002,-2.362184777588584E-002)
 (1.05946592572030,0.324814454713320)
 (-7.486402853279781E-003,9.367695237571921E-003)
 (-4.942272479883937E-003,6.361034206337312E-003)
 (1.05528551908722,0.363129970206725)
 (-4.582744236214562E-003,2.921397699169423E-003)
 (8.518489532821472E-003,-5.462607303428948E-003)
 (1.05813576367823,0.338430541428949)
 (-3.310560849466082E-003,3.199120971939450E-003)
 (-9.279159198041073E-003,9.307486390329682E-003)
 (1.05699688610064,0.345516812903651)
 (-6.536344453523381E-003,5.751432339671537E-003)
 (-7.683558063000722E-003,7.048645120410588E-003)
 (1.05933070709797,0.327322767824296)
 (8.753258651787737E-003,-1.021617970828431E-002)
 (2.854570598554583E-003,-3.320710108211875E-003)
 (1.05694512791356,0.348151286242065)
 (1.006709123750258E-002,-8.479620862936171E-003)
 (-2.659913355202461E-004,3.657082987699892E-004)
 (1.05054875701358,0.169483350253007)
 (-1.389626973550200E-002,-2.355901446793864E-002)
 (-2.877141714826199E-003,-5.027216999140017E-003)
 (1.04546776886579,0.146453277092364)
 (1.202282122043737E-003,1.697176491961818E-003)
 (1.708132824509147E-002,2.442246243852358E-002)
 (1.05556838459342,0.190164538620414)
 (3.367246594676316E-004,6.058986554460017E-004)
 (1.137902266174946E-002,2.326177196038456E-002)
 (1.05620527866110,0.196084874179320)
 (-3.295912029391552E-003,-6.955887945653891E-003)
 (9.814705765519008E-003,2.180250027914248E-002)
 (1.06084510226448,0.245759914400467)
 (-1.164136036844178E-003,-9.546620078563498E-003)
 (1.747783553198491E-003,1.642634264985919E-002)
 (1.05888875493149,0.332681806045603)
 (-9.413486369345875E-003,9.834926619156952E-003)
 (-2.120340005906765E-003,2.421748037774773E-003)
 (1.06141836251899,0.290564654787486)
 (-4.740487658573131E-003,1.381855208934607E-002)
 (-1.726538006211741E-003,5.170923635872720E-003)
 (1.06093089274704,0.252067093172195)
 (9.363406789310969E-004,1.811993482124562E-002)
 (1.201856601862939E-004,2.957581308255645E-003)
 (1.06049321131458,0.245847988485435)
 (-2.081619861856149E-003,-1.876590478994692E-002)
 (2.568665282232808E-004,2.204604391666195E-003)
 (1.05701049585981,0.205063289696123)
 (-5.456463896278166E-003,-1.366045647001107E-002)
 (6.851409724608713E-003,1.745318595011558E-002)
 (1.04528265627730,0.146359892578486)
 (1.175561225836512E-002,1.706431314978288E-002)
 (-1.231541279339781E-002,-1.785304392375977E-002)
 (1.04115810026844,0.133880822928189)
 (-1.742708961061290E-002,-2.371261003436602E-002)
 (3.755089651665351E-003,5.133633921059955E-003)
 (1.04426998503355,0.143645360334219)
 (-3.147052047632585E-003,-4.466152995131882E-003)
 (-1.687624458867409E-002,-2.423908838439363E-002)
 (1.01996629456946,8.697119435274356E-002)
 (2.979087018818555E-003,3.535476469437495E-003)
 (-8.340078351572624E-003,-9.721372754162459E-003)
 (1.05861143106724,0.218277338717727)
 (3.525623490694308E-003,1.091767412594208E-002)
 (5.888472067766848E-003,1.840702894866294E-002)
 (1.05434364989467,0.187148465044154)
 (1.122099381794117E-002,2.253759234589545E-002)
 (-3.128885220165963E-003,-6.320173423765030E-003)
 (1.05950949399502,0.231569241061095)
 (3.045341159507648E-003,1.425846469953011E-002)
 (-3.018524544361719E-003,-1.409764240906824E-002)
 (1.05492214968079,0.365560118140417)
 (-4.580816277248608E-003,2.950843107599055E-003)
 (-8.226914627188848E-003,5.462411509955742E-003)
 (1.04923370103866,0.163086857623465)
 (1.283356974634262E-002,2.106712624270133E-002)
 (-7.621047797300950E-003,-1.253545740374701E-002)
 (1.06061170174656,0.260495676524019)
 (-4.602283157773593E-004,1.737827149822919E-002)
 (9.658456437175409E-006,-1.479386647090921E-003)
 (1.05918832915773,0.327692558366012)
 (8.611905818913791E-003,-1.014936718699131E-002)
 (-3.159791345634519E-003,3.883318645237368E-003)
 (1.03265108250687,0.111611171850457)
 (-1.602943340732407E-002,-1.983973412100861E-002)
 (-7.547552994886842E-003,-9.465400827470332E-003)
 (1.05747882299767,0.206310681453812)
 (7.131208076737236E-003,1.897553276775847E-002)
 (-4.328819746508938E-003,-1.127183490220071E-002)
 (1.06004955052391,0.221574172641233)
 (-1.297331762555245E-003,-4.749931417679741E-003)
 (-5.464216231119309E-003,-2.021164526596607E-002)
 (1.03439561160033,0.115963141899275)
 (1.736404986921935E-002,2.212159126516406E-002)
 (-4.420676970383485E-003,-5.713822720509420E-003)
 (1.06053263493445,0.241762633861361)
 (-8.250065404265578E-004,-4.430776315300916E-003)
 (2.844029692346027E-003,1.894412262229904E-002)
 (1.06033592736280,0.310836263548375)
 (-4.631159580757460E-003,7.789028322316376E-003)
 (5.874524868384840E-003,-1.011911812396580E-002)
 (1.05044845625631,0.168811667165654)
 (-7.225185876527207E-003,-1.214285066212871E-002)
 (1.232667756250130E-002,2.095179367315482E-002)
 (1.05989764904062,0.314267090487454)
 (7.928564348621107E-003,-1.214398852333834E-002)
 (8.484205932060080E-005,5.147210503871054E-005)
 (1.05994474986674,0.241389017455491)
 (-2.666032887356867E-003,-1.874399462241791E-002)
 (-5.004680290604333E-004,-3.591961551310091E-003)
 (1.01782648317406,8.381783511459864E-002)
 (4.048295265098348E-004,5.537881773154874E-004)
 (4.782068669664213E-003,5.288435312919164E-003)
 (1.05382949029886,0.369714512605531)
 (8.861267867299499E-003,-5.525320969089229E-003)
 (-2.307926838989443E-004,2.641680133958351E-004)
 (1.05730305414993,0.340513838077041)
 (-6.565416948302466E-003,6.159637660048949E-003)
 (7.461868572371194E-003,-7.029647626055510E-003)
 (1.04018882257453,0.131825152307833)
 (1.573750903048865E-002,2.144614139526626E-002)
 (-8.485616257837936E-003,-1.165480627587715E-002)
 (1.02320590346413,9.267785983780151E-002)
 (9.854941760319137E-003,1.166110152663991E-002)
 (-8.870537840642857E-003,-1.050588710993332E-002)
 (1.03071926582466,0.107786566400336)
 (1.722197077268411E-002,2.138429512254408E-002)
 (1.426059585190525E-003,1.627474251836234E-003)
 (1.06068088821112,0.279286355768914)
 (3.235541347863132E-003,-1.576291738966553E-002)
 (1.020368330893723E-004,-4.000956711464440E-006)
 (1.01693996355117,8.253623044787090E-002)
 (1.798071805077626E-004,3.034453426119377E-004)
 (-1.978570970448731E-003,-2.417215654197185E-003)
 (1.05055612531813,0.169289815232718)
 (-4.166619565832398E-003,-7.178408247910604E-003)
 (-1.340324088956462E-002,-2.326071102546007E-002)
 (1.02404870998958,9.436017402748662E-002)
 (-1.138247337988678E-002,-1.336924282791407E-002)
 (7.800663295030045E-003,9.082684799249589E-003)
 (1.05650775212632,0.206398942784423)
 (-8.200279660259900E-003,-2.105120862058970E-002)
 (-2.398333472145190E-003,-6.138368017882202E-003)
 (1.04332929703227,0.142431219070035)
 (-1.713409066800745E-002,-2.446621324580070E-002)
 (-1.236526842881296E-003,-1.791236732251925E-003)
 (1.04722411191983,0.155717182619443)
 (1.321264624640695E-002,2.057245690489416E-002)
 (8.838767944389189E-003,1.345487344481645E-002)
 (0.220780907151285,0.306621574008941)
 (-1.100228388524416E-003,0.160684287653498)
 (1.228122027191413E-002,0.891301064823287)
 (0.469619016937307,-1.04751063207738)
 (-0.204900579020205,0.565062398006956)
 (0.172364196298360,-0.481708932773352) 
 (0.523808549906882,1.19092457026826)
 (0.102733347282524,0.388467645107031) 
 (0.182808358343813,0.680212409678983)
 (0.225250857538564,0.326904452964923)
 (5.533263337635937E-003,0.284832376471537)
 (2.200667446673256E-002,0.829013586070701) 
 (0.648603861262986,1.35938970183352)
 (0.154468390084569,0.437701554607642) 
 (0.206265571370532,0.588025399178347)
 (0.996937862244393,1.77216646961869)
 (1.426663138765377E-002,1.978822350123186E-002)
 (0.298912484363482,0.607368500855373) 
 (0.356570482663812,-0.825211754188793)
 (-0.147333865232244,0.541992613490495) 
 (0.158958115927094,-0.576167945700793)
 (0.205434722001414,-0.137980057144210)
 (-5.910556974158551E-002,0.721263829031538)
 (4.027170714862544E-002,-0.481850943502959)
 (0.202014259809082,-0.156863780310303)
 (-7.020052894187392E-002,0.745992915108631)
 (4.065424001279010E-002,-0.433074862352462)
 (0.958000591394233,-1.67351095231755)
 (9.907021725615889E-002,-0.160840615139102)
 (-0.284033445945953,0.471976677481421) 
 (0.293967544900004,-0.635977496380668)
 (0.169532454457654,-0.731582524240075)
 (8.603148317559869E-002,-0.362081675373249)
 (0.204897764070944,9.557335742707060E-002)
 (1.179960744080131E-002,-0.327935114884889)
 (-3.223209453785262E-002,0.820965569133132)
 (0.205596921685519,0.150604114985968)
 (4.401478132955350E-003,-0.511269854736428)
 (5.348220583477232E-003,-0.719826138172573)
 (0.941832699429648,1.74465699847592) 
 (4.530916867195080E-002,0.111365782061496)
 (0.282357651229623,0.627516239547165) 
 (1.49868446811335,2.19914675377538)
 (-0.245245897985720,-0.370042654555998)
 (6.249568397715227E-002,9.207554783848111E-002)
 (0.256915954986554,-0.503963750672880)
 (4.092641687772682E-002,-0.195368078835694)
 (0.159316697811882,-0.797725180705587) 
 (0.238962712016764,-0.406372365368843)
 (4.678046936695647E-002,-0.310154094518463)
 (-0.124909414032891,0.810528467059852) 
 (0.530964774824034,-1.17790634053256)
 (-0.264802599753159,0.698605916801360)
 (-5.760785424171767E-002,0.150340954346059)
 (0.240147256611846,-0.443326378664388)
 (4.117773591879192E-002,-0.256690005113090)
 (0.131545219732503,-0.793554646140870) 
 (0.877516566770335,-1.61898403673219)
 (0.159032637329993,-0.288363434104196) 
 (-0.250350762352004,0.455653512095388)
 (0.211409670515291,-0.179650837887659)
 (6.247410532656457E-002,-0.588453653305621)
 (6.978468414168201E-002,-0.656236804523627) 
 (1.67000022848126,2.28375025797481)
 (-0.203908451226297,-0.284932459025850)
 (4.810019374634835E-002,6.591572999267271E-002)
 (0.981025970694953,1.76730190960698) 
 (-0.282225483563185,-0.593693229266536)
 (-8.942484917776844E-002,-0.179960140746357)
 (0.690131103650639,-1.40518176038021) 
 (-0.212220204112439,0.464552653266378)
 (0.211508943137530,-0.455504266276123) 
 (0.847613824225098,1.64993336923020)
 (-0.272708275890374,-0.661102559474737)
 (-5.645948457326312E-002,-0.144719614341594)
 (1.31671578482323,2.05700951095296) 
 (-0.284221875772276,-0.475461455609451)
 (1.205268958581504E-002,2.602858320631385E-002)
 (0.604586879256614,-1.27938946404068) 
 (-0.276541988639786,0.636620550562829)
 (-0.106582359700547,0.248912651141303) 
 (1.29330104934908,2.04138206141917)
 (0.262762458494719,0.444803564491644) 
 (-0.110091273512501,-0.192759215621053)
 (0.807801664568586,-1.55825086935768)
 (4.577510379614112E-002,-9.513692747845670E-002)
 (-0.294329438455018,0.566641628515292) 
 (0.281896195237231,-0.590922750520565)
 (0.147501352344400,-0.703449332880365)
 (9.158308968772816E-002,-0.442528898822063)
 (0.597076138592051,-1.29198258558714) 
 (0.131611627583507,-0.323551992786242)
 (0.252391185943495,-0.613978900914724) 
 (0.385679038191804,0.916732829135110)
 (-2.852770708033809E-002,-0.141194933647021)
 (0.152600566830871,0.821817347832683) 
 (0.215159421585242,0.262850862546732)
 (1.206813592526198E-002,0.860153216834482)
 (-4.517788712507499E-003,-0.199158687190733)
 (0.532801310446396,-1.16601589815089)
 (6.302919795791320E-002,-0.155912398522043)
 (-0.276269762537405,0.693694353801701) 
 (0.210454888425086,0.249778348622925)
 (-8.178507158952259E-003,-0.404258764894258)
 (1.703389969191733E-002,0.777997842740148)
 (0.299441079526966,0.673231844862889)
 (-7.245408497930218E-002,-0.576825493816022)
 (-7.752938299350169E-002,-0.652962959972314)
 (1.45799579278763,2.15207473798834) 
 (0.233145768780725,0.360140004071396)
 (-0.135941445859405,-0.205567375637113) 
 (0.232155018008047,0.391553888029027)
 (-7.352014287477140E-004,-0.147973870488481)
 (3.000455391335936E-002,0.889773476731519)
 (0.634217067379572,-1.33350105780086)
 (6.915784869940098E-002,-0.152475061411757)
 (0.287335735510018,-0.656640315966730) 
 (0.416637927440112,-0.972219243887692)
 (2.589055197490588E-002,-8.950160163196925E-002)
 (-0.236714734683320,0.756565379972074) 
 (0.244717426382160,-0.455158248182968)
 (-0.108359856663250,0.614450128994121) 
 (0.105322840893638,-0.607712288311684)
 (0.423380804643937,0.994555283819366)
 (-9.932789483249108E-002,-0.464611407629434)
 (-0.150931749512119,-0.679873876904355) 
 (1.01420167772740,-1.73863828324550)
 (0.219710608885372,-0.352499742365524) 
 (-0.203106458298595,0.325043533642385)
 (0.629587317047012,1.36801279214402) 
 (7.624975330754415E-002,0.216112022289154)
 (0.235817116934582,0.730364947179250) 
 (0.660383529480490,-1.36906641657312)
 (0.253168585147054,-0.550710550963461) 
 (0.160509313318185,-0.344825630730682)
 (0.835534242639963,1.65979789600573)
 (-3.075990332611563E-002,-6.966866698178958E-002)
 (0.270009281708838,0.681067091067099) 
 (0.885952634203492,-1.61306592413872)
 (0.267765806106702,-0.476903287450573) 
 (0.141712402526509,-0.257386441119380)
 (1.79743607650018,2.35093132168900)
 (-7.169810667189702E-002,-9.424564224084778E-002)
 (0.128807064369675,0.167161640133712) 
 (1.72216098737378,2.33014668810365)
 (-0.124569835271921,-0.166789521645092) 
 (0.135080323032192,0.184506168591328)
 (0.705515846959473,1.47552043377793) 
 (0.228168984820431,0.657498422109682)
 (0.110501966957574,0.316427859804626) 
 (0.309997819232227,0.728608750157765)
 (6.216860422522837E-002,0.438643423936399)
 (0.108550597193627,0.748519771269829) 
 (0.198162943697035,0.116187346051070)
 (6.742272113653064E-003,-0.379736665523015)
 (1.350017933178044E-002,-0.801952580421947)
 (0.206032532412618,-0.180067344239417)
 (2.900274079851071E-003,-7.550226510880366E-002)
 (6.786148867536038E-002,-0.882926941350197)
 (0.503972341242112,1.14173833623662)
 (-1.400953030149514E-002,-5.080859753446219E-002)
 (0.214639969253078,0.792387941405582) 
 (0.334945466882978,-0.761179469390196)
 (-0.212448924516054,0.799991126759303)
 (-3.607531609335064E-002,0.138607753938864) 
 (1.76498572928021,2.33714579473039)
 (0.130913993576653,0.172615508413039)
 (-9.634513574204193E-002,-0.125899336227246)
 (0.798519235429466,1.57200619544973) 
 (0.271035910812160,0.665417589303098)
 (7.950782016782472E-002,0.187882856928081)
 (0.366897520494341,-0.830345658800468) 
 (0.118217322594080,-0.404689021137974)
 (0.204357979405126,-0.691558208048366) 
 (0.593113620442656,-1.26950523309575)
 (0.212336598831047,-0.513901500984696) 
 (0.187035327178046,-0.452756037787063)
 (0.445068535047905,1.06098252345597) 
 (2.219287464695881E-002,0.109731519929556)
 (0.181884207246962,0.826694608572141) 
 (0.806799637422257,1.59005166019679)
 (0.244849827650988,0.595911779700594) 
 (0.145430279706939,0.362083610717972)
 (0.223404977446601,0.319635634830224)
 (3.157326577248998E-002,0.836150514177795)
 (-1.089016920391770E-002,-0.304269589019260)
 (0.851105031541515,-1.59382054539628) 
 (-0.271581196083868,0.505139320843307)
 (-0.131107697089730,0.239760541921800) 
 (0.704478956878825,-1.42055826564417)
 (0.175663396406536,-0.358942982423445) 
 (0.250931625225144,-0.518733108908589)
 (1.33808039122544,-1.98157796623908) 
 (-0.101050752774885,0.133561328922381)
 (0.175709266463173,-0.229866551723248)
 (0.201328726618244,3.634817965652771E-003)
 (4.821922223569042E-002,-0.881896090688052)
 (1.915794344768788E-003,-3.081784543087672E-002)
 (0.749206191304460,-1.46770274040796) 
 (0.301910834023568,-0.606351227551451)
 (-3.590674052114186E-002,7.994569012452075E-002)
 (1.69287666351484,2.31345455672097) 
 (0.180691552565623,0.248483567127848)
 (-6.919759924211179E-002,-9.746125693885141E-002)
 (0.236199488635977,-0.381766365723648) 
 (0.127534386221967,-0.858601929482146)
 (5.891635123731076E-003,-3.597221322645987E-002)
 (1.22165850250819,-1.90655315040551) 
 (-0.179645824919937,0.253697674681305)
 (0.163295537286488,-0.233548477683677) 
 (1.46600197694983,-2.05869511924701)
 (-5.223996524077672E-002,6.461023553590746E-002)
 (-9.031867555986853E-002,0.112564230182609)
 (0.470199253376290,-1.07046407509203) 
 (0.108514756945167,-0.315643228609409)
 (-0.233474974037496,0.674465733403584) 
 (0.299270969517343,-0.657208232490746)
 (9.295291768279956E-002,-0.393042205083657)
 (-0.167851847199971,0.727215871298588) 
 (0.295771440777556,-0.655258927350296)
 (-4.048782323961534E-002,0.170645966598207)
 (-0.182959728598292,0.809602968976037) 
 (0.452014424160624,-1.02123103265450)
 (-2.294856275371965E-002,7.582104619027280E-002)
 (-0.257909257536838,0.749045007649269) 
 (0.268044717815596,0.550857057602831)
 (6.426772732188073E-002,0.637772602325749)
 (6.180528973451591E-002,0.593955560659245)
 (0.211198818275066,0.217259791488115)
 (-2.439809569833541E-004,0.732681528158342)
 (-1.411909624891623E-003,0.500123187047808)
 (0.283856904042528,-0.605701787962339)
 (-6.133814708632658E-002,0.302031480931526)
 (-0.163696116463752,0.777212584931864) 
 (0.234173945702517,-0.389643403202415)
 (-9.426890848005268E-002,0.587740681939754)
 (-9.906604670080234E-002,0.626248864643337)
 (0.216927351761031,-0.270466506446312)
 (-8.066607662086647E-002,0.693987181959300)
 (-6.234668557177756E-002,0.529624768399711)
 (0.226634646876264,0.349900958500502)
 (3.485343389035606E-002,0.803051926163044)
 (1.777854179109221E-002,0.370725250151485)
 (0.345841524176047,0.807440876692361) 
 (0.127861775671861,0.787827870136730)
 (4.822779722237653E-002,0.308574433701601)
 (0.360601071118222,-0.830242249827033) 
 (-0.137854480563303,0.506427332680411)
 (-0.169535334959118,0.613081081457741) 
 (0.244821382419002,0.445721705367792)
 (3.078610324736061E-002,0.571326312521620)
 (3.504439285735615E-002,0.681884836333740)
 (0.404659593379816,-0.923083141451075) 
 (-0.123710570196367,0.385567459554473)
 (-0.212047563319945,0.675805247274749) 
 (0.391135051436173,0.921204008488507)
 (0.162641610388888,0.823149060874877)
 (3.471981513867094E-002,0.163109813434061) 
 (0.611441165835216,1.33355529550697)
 (0.234410267539582,0.757232443022853)
 (2.524775430949711E-002,9.380612951877786E-002)
 (0.278734593788648,0.597665189548535)
 (8.820940923143408E-002,0.868718346842625)
 (2.784409312304567E-003,5.198219846070593E-002)
 (0.608284876279212,-1.29231921181268)
 (-6.902945931050883E-002,0.153182738205670)
 (0.284172065012172,-0.660378135355311) 
 (0.836275661920505,-1.57053798222479)
 (-3.488111265194033E-002,6.929385691509010E-002)
 (0.302933890908068,-0.561335497974161) 
 (0.651968461764161,1.38459889586200)
 (0.252669312574494,0.745589618840892)
 (-9.959418668519023E-003,-4.194028992345936E-002)
 (1.23092792404765,-1.91163162077236)
 (5.115880535603599E-002,-7.496569500935896E-002)
 (-0.238030031168433,0.335845955882532) 
 (1.46945864875634,-2.06277552734087)
 (-5.274177079995630E-002,6.504622615318643E-002)
 (9.031323606930231E-002,-0.111057298630049)
 (1.23164050100454,-1.90692623141567)
 (4.826080397323437E-002,-7.087428329599066E-002)
 (0.239207922187090,-0.337225828322134) 
 (0.836094855278581,-1.57264501301631)
 (3.433952503116586E-002,-7.083709092904382E-002)
 (0.301948334074527,-0.561599391182824) 
 (0.218138368889365,-0.267536199697354)
 (-7.593985430824856E-003,6.905086383917423E-002)
 (0.108115617890057,-0.866673813622031) 
 (0.214484473124241,0.275158655928247)
 (-1.541757021343001E-002,-0.750532174632528)
 (-8.238741991255205E-003,-0.473990989502211)
 (1.64619296008869,2.27013904571273) 
 (0.210801750223557,0.298322701053222)
 (1.698869847316534E-002,2.470014767382188E-002)
 (1.15391206006581,1.94408407975676) 
 (0.131816616727436,0.243576321224299)
 (0.270136407549733,0.496341652267780) 
 (0.309308177895585,0.701076645503563)
 (-8.547260905316090E-002,-0.675502459073345)
 (-7.366193180915040E-002,-0.544215869653337)
 (1.69743500907782,2.30129094808959) 
 (0.154724601206420,0.209270289097499)
 (9.443976536842716E-002,0.129373506777767) 
 (0.476679771696647,1.11377891144684)
 (-0.173623203083225,-0.687790238886416)
 (-9.960281075692050E-002,-0.415049113923447)
 (1.51772336646503,2.20616384129586) 
 (0.181490136296070,0.273697482080259)
 (0.178177310205304,0.262740489747333) 
 (0.681557938014380,1.42143094168447)
 (-0.204962626743600,-0.582090949337980) 
 (-0.159173450129393,-0.438262776134393)
 (1.43440677802139,2.15298946062762) 
 (0.122777736608372,0.193554666087148)
 (0.234872777957799,0.375029514623288) 
 (1.54965514114367,2.20681647829267)
 (2.386839389013489E-002,3.333558097614513E-002)
 (0.245022918276054,0.354467299476168) 
 (0.662346215034916,1.40961824539165)
 (-0.160507934703018,-0.474731692559703) 
 (-0.188223779552580,-0.575243233098388)
 (1.73669199332161,2.31770604581423) 
 (-0.168907142284039,-0.223738525383844)
 (-3.784597593775268E-002,-5.155441176580289E-002)
 (1.37997843148921,2.11676400906985)
 (-3.684043210742460E-002,-5.411002950360908E-002)
 (0.268138712766586,0.434952011437399) 
 (1.59719894104885,2.23120633881345)
 (-0.194990939205728,-0.281234767252527) 
 (-0.117663255073825,-0.166172105446483)
 (0.870123092305936,1.66298369915911) 
 (-0.144078148342108,-0.339741123480760)
 (-0.250281364914169,-0.572739398876583) 
 (0.872775480353802,1.67136241619953)
 (-9.580934660867449E-002,-0.236163911745022)
 (0.267184896381524,0.624650378763947) 
 (1.36974075909607,2.09564310323123)
 (-9.951957898400940E-002,-0.167310354570757)
 (0.256617335023290,0.416926531720797) 
 (1.15850611682913,1.94210901985313)
 (-0.175758494596489,-0.323389785212338) 
 (-0.233170479426888,-0.441343181187092)
 (1.61097499064533,2.25886101022015) 
 (-0.112736910802700,-0.159488271948406)
 (-0.195518312082333,-0.282426194339359) 
 (1.08324762497664,1.88099788938719)
 (-0.147696795943802,-0.279834888257669) 
 (0.259555286031181,0.510176290652677)
 (1.15315890260853,1.93337812762170) 
 (-0.244292980688396,-0.447167909254784)
 (0.173095302793925,0.316312289119291) 
 (1.36489154860846,2.09730809476870)
 (-0.116104491704060,-0.190040658012686) 
 (-0.256933285516121,-0.412725454953624)
 (1.00933562765575,1.81017602105422) 
 (-0.193337460489087,-0.412786475731293)
 (0.214653564817750,0.451292020687440) 
 (1.25125139486700,2.01522402893125)
 (-4.401785040598942E-002,-7.822286004308150E-002)
 (-0.282256718608023,-0.501458042711356) 
 (0.702800405985247,1.45879546809790)
 (-0.187786742963219,-0.510140887194283) 
 (0.188417547941770,0.518830376406380)
 (1.36089463981300,2.09547631932986)
 (3.087654814245923E-002,5.320746208182393E-002)
 (-0.280687909788166,-0.453391589076615) 
 (1.17937306856574,1.93441661067376)
 (0.166483355962715,0.304615643559830) 
 (-0.249500153824010,-0.443576451369819)
 (0.293855645444675,0.643890369494503)
 (-9.586933132290212E-002,-0.859823623886858)
 (1.084577848918271E-002,0.101436351793717) 
 (0.603341838708748,1.31829706670738)
 (-0.189157759413374,-0.625782427686523) 
 (0.133089484479903,0.438481593464318)
 (0.796036825700182,1.57560182273836)
 (6.571060799029691E-003,1.139354556199712E-002)
 (-0.269998261016873,-0.692427318301577) 
 (1.15199736290989,1.93879951471677)
 (9.481909105760269E-002,0.172622781044197)
 (-0.276085795931214,-0.523481621489497) 
 (0.277073436314071,-0.583007877318901)
 (-0.165233773989743,0.769087177557757)
 (6.922793785467014E-002,-0.327700130939567)
 (0.369523810342361,0.870652381268174) 
 (-0.151306559314541,-0.812012562249996)
 (4.336949333068214E-002,0.230275377014312)
 (0.370303573976468,0.874430128627377) 
 (-0.130830447846272,-0.697777647752966)
 (8.797963542780438E-002,0.475127585087739) 
 (0.869829292979685,1.66565530954784)
 (6.049679504643375E-002,0.150320210349586)
 (-0.281316463944682,-0.650081580834268) 
 (0.534354174146392,-1.17957379640663)
 (-0.268446696029383,0.700993190759779)
 (4.230599744918850E-002,-0.106706108326320)
 (0.435249882402131,-1.00446510961913) 
 (-0.216623898818490,0.668533686337527)
 (0.120830310734955,-0.366537751933537) 
 (0.301776882914992,0.674395642722522)
 (-9.295592862952524E-002,-0.784817436823362)
 (4.291462070214983E-002,0.363363396545766) 
 (0.654963283167303,1.39572141866765)
 (9.629935086678319E-002,0.277086340764367)
 (-0.229025621057759,-0.693965649713070) 
 (0.394065523628101,0.924703880909447)
 (2.091158741948852E-002,9.564629723109191E-002)
 (-0.157833745323850,-0.827625020809215) 
 (0.599703611676763,-1.27909175273040)
 (-0.276159390766259,0.640246786890041)
 (9.848418829507985E-002,-0.234255724343937)
 (0.205895049139006,0.165844729959406)
 (1.008220230855295E-003,-0.648325729207418)
 (-1.032352213525316E-003,0.602309051631838)
 (0.206488051280707,0.168209307558396)
 (8.938007437185186E-004,-0.806077126411770)
 (-3.850472985383670E-004,0.371050681801321)
 (0.428723306410888,1.00692393837833) 
 (4.842432158383003E-002,0.234055187864703)
 (-0.176147733258148,-0.792209448274671) 
 (0.307813397815691,0.695192685666834)
 (6.185633943746178E-002,0.478489008887681)
 (-9.752113784222212E-002,-0.714743662259295)
 (0.827008253446241,-1.56088907913192) 
 (-0.272842986785789,0.513987181883016)
 (0.132813564045827,-0.243418150922486) 
 (0.203861629953882,0.118487546441509)
 (-1.517686294667839E-002,0.880009762753116)
 (-9.326230048670471E-004,0.119437745753140)
 (0.324461614350853,-0.732647286970846) 
 (0.189241061075268,-0.740976513157517)
 (-8.710961105532357E-002,0.339781132991751)
 (0.202161702043163,-5.769744624527614E-002)
 (5.376505248666983E-002,-0.734364901978219)
 (-3.580958572828529E-002,0.491486550312892)
 (0.295348389080702,0.653954234396314)
 (4.428004093678075E-002,0.356428799485239)
 (-9.132794736709196E-002,-0.790530546170640)
 (1.01019584225815,-1.74054257355903) 
 (-0.286741466852465,0.460713588952223)
 (7.113957971749778E-002,-0.116961610346082)
 (0.221623738395363,0.333951811994336)
 (-5.162572283263146E-003,-0.122819641447945)
 (4.228439811632923E-002,0.867301986680886)
 (0.610285225900458,-1.29646640231093) 
 (-0.119232777001952,0.285174098354476)
 (-0.262763745667620,0.615884092122092) 
 (0.269952140546833,-0.550730571215566)
 (0.134633377946844,-0.698046051234228)
 (-8.985963134081625E-002,0.466829704439538)
 (0.209622505788310,0.196508390544131)
 (-3.883171966080343E-004,0.291050077401516)
 (-2.032988922143732E-003,-0.840137270304917)
 (1.22697324890748,-1.91008694887106) 
 (-0.230100184677488,0.326810092234767)
 (8.401414397222678E-002,-0.116152001143231)
 (1.23745146573940,-1.92342760570751) 
 (-0.227228469869696,0.320668092753597)
 (-7.985391332770206E-002,0.110576750716865)
 (1.46892827390082,-2.06205972690801) 
 (-0.104520829792451,0.129189738896502)
 (1.874661256487815E-004,1.571425446409422E-004)
 (0.205091829635389,-0.136801440490712)
 (5.793919965150162E-002,-0.685669745890936)
 (4.703640625496338E-002,-0.551504250230728)
 (0.329569418007500,-0.747845643678617) 
 (0.154701412709634,-0.590153157391845)
 (-0.145625380776334,0.557437355868442)
 (0.199765842227647,1.631784558725671E-002)
 (-4.295464889551510E-002,0.848810153593296)
 (-1.304300691989752E-002,0.245657084626115)
 (0.207062740768815,-0.188675787112316)
 (-4.087392658075478E-002,0.400974023200014)
 (7.868733958876337E-002,-0.774975103153555)
 (1.33946502409671,-1.98405431406208) 
 (-0.201396622025987,0.264653432218215)
 (-6.488045356806483E-004,1.329911246114763E-003)
 (1.46788960091219,-2.06015245673417)
 (5.192633158113729E-002,-6.393478597271400E-002)
 (9.030230360216621E-002,-0.111445025636038)
 (1.35665423513369,-2.00067415655207)
 (9.848917708797798E-002,-0.127269402380743)
 (0.165534936260518,-0.215757569737142) 
 (0.216262419110736,-0.256867977404409)
 (-8.999134112282432E-003,6.455749178166018E-002)
 (-0.106282845065679,0.875443169877528) 
 (0.440066871784027,-1.01130557453708)
 (-1.991033879733670E-002,6.868808505092834E-002)
 (0.249769177675220,-0.759132703564705) 
 (1.02570130497073,-1.75481978497414)
 (9.289595556562898E-002,-0.144743103779443)
 (0.276282231794204,-0.440761182485735) 
 (1.25203201085512,-1.92385956327830)
 (0.191744490369282,-0.267146011310077) 
 (0.143376805541025,-0.202618349627347)
 (0.205919736238032,-0.114921961755614)
 (-7.202947124288966E-002,0.881473219700811)
 (1.034177408699906E-002,-0.125244808957491)
 (1.23541433545500,-1.91094838364420) 
 (-0.183336361086270,0.257119890623352)
 (-0.157630041553408,0.224891486901667) 
 (1.07181375553911,1.87562184620994)
 (-0.291990942553687,-0.579212249600562)
 (5.033574886317586E-002,9.151838777853205E-002)
 (0.496489375420419,-1.11799446194018) 
 (0.250334726744513,-0.686611279025709)
 (9.255809733441628E-002,-0.261204079829102)
 (0.921269567199835,-1.65528974209534) 
 (0.292785417807469,-0.506439250478119)
 (-8.600493973174110E-002,0.145547869791124)
 (0.295203898531476,0.642303450453845)
 (-5.022822608429210E-002,-0.413509124784651)
 (8.814074270170350E-002,0.760018368872182)
 (0.313519684284365,-0.702941023134583) 
 (0.114297004684850,-0.495458789932825)
 (0.152298164520260,-0.661045899901463) 
 (0.528204696899109,-1.16790754158151)
 (0.194598819108502,-0.514807725061824) 
 (-0.188151619960807,0.497403531478450)
 (0.859269740989574,-1.59571533897102) 
 (0.261063388945612,-0.478394604353863)
 (-0.151713578798277,0.283646173149317) 
 (0.927162127907227,1.72433799617349)
 (0.195176230845039,0.419643134632621) 
 (-0.214755898577154,-0.478977504468495)
 (1.01567870752513,1.82017437861076) 
 (0.175439088542966,0.365491785095309)
 (0.233059321391107,0.493287528863398) 
 (0.295337827572932,0.653116390668771)
 (-7.239483602766601E-002,-0.634115086712801)
 (6.741871800678201E-002,0.591432034435755) 
 (0.533541661425868,1.20889776272875)
 (-8.930821509777769E-003,-2.367368341434710E-002)
 (-0.223128683565595,-0.787381304247932) 
 (0.960692691681764,1.76240356643640)
 (-4.776553855046222E-002,-0.100793231513410)
 (-0.294089866424549,-0.623682696508366) 
 (0.206930923925831,-0.104542310542254)
 (-3.867805623210603E-002,0.525432989486559)
 (-5.102840182193711E-002,0.721009622509576)
 (0.263759836571159,-0.525103520668953)
 (9.465226090479928E-002,-0.521596320716952)
 (-0.122259015555342,0.667896902602683) 
 (1.46642712456844,-2.05723904064482)
 (0.103455680426498,-0.128612406969319)
 (-1.112408014811655E-003,1.793185230467698E-003)
 (0.299065586247930,0.666646260218948) 
 (0.109770078315923,0.864125353567002)
 (-6.294496078404492E-003,-7.372042430258575E-002)
 (1.07662255007791,1.89833514691451) 
 (0.230713412862596,0.467659064607074)
 (0.180609031527516,0.355042735256257) 
 (1.31478595934624,2.07825118745022)
 (-0.276083584499157,-0.472265070023457)
 (-5.433129122893061E-002,-9.735175149216344E-002)
 (0.613982982195963,-1.30710312334711) 
 (0.173401100105421,-0.391082180668794)
 (-0.239737345470742,0.551208037317217) 
 (0.354728894836181,0.829991330414630)
 (-0.149249744090647,-0.844557907880708)
 (-6.675792790555400E-003,-3.977938290356089E-002)
 (1.24023886511440,-1.92234822624660) 
 (0.192469485109347,-0.269789144076102)
 (-0.144605964829396,0.205933424772511) 
 (1.47422919534010,-2.06711596260925)
 (4.699667960052475E-002,-5.715116579233077E-002)
 (-9.023773830233976E-002,0.111354814218527) 
 (1.26019544277475,2.00570195033362)
 (0.246914470381743,0.422124574797547) 
 (0.149963298784032,0.263584208919331)
 (0.208629579237280,0.160374687120956)
 (-9.292446716174823E-004,0.161998761972972)
 (7.280498055384166E-003,-0.872759847157712)
 (0.279868972279471,-0.594009032727667)
 (-6.680605048625968E-002,0.323271788034175)
 (0.161407297987600,-0.767478289334590) 
 (0.463455815335782,1.07816278698519)
 (0.188439342909118,0.799651109158042)
 (-3.921209703561902E-002,-0.149219708814805)
 (0.294375197312290,-0.634675151381421)
 (-3.697397176500574E-002,0.161699092336772)
 (0.182732211179901,-0.822714309253408) 
 (0.923258428330869,-1.65271339795706)
 (0.294142705310141,-0.507528774226471)
 (7.403075921520391E-002,-0.123636538925267)
 (1.00615464000736,-1.73106404499377) 
 (-0.289468709931873,0.465991006164273)
 (-6.941575809342819E-002,0.113973926551201)
 (1.35713007917055,-2.00066931574219)
 (-9.698728670495188E-002,0.126447053153615)
 (-0.168145346900786,0.218420817938938) 
 (0.911617142900217,-1.65121456148568)
 (-0.297635385591764,0.525974035403255)
 (-5.520489500714819E-003,1.029896778854502E-002)
 (1.34566664545078,-1.98771751899081)
 (9.897322915025551E-002,-0.128874022417720)
 (-0.175030717608276,0.232481187475199) 
 (0.209810723721746,0.204204712043982)
 (-5.559485317768173E-003,-0.882111036048087)
 (1.002365156801865E-003,0.105318903329121) 
 (1.23133353004526,-1.92230561743078)
 (-3.939800703302473E-002,5.683009742654034E-002)
 (0.238918548085750,-0.338065736890429) 
 (0.266508420864608,0.547830772604850)
 (-2.347863043160534E-002,-0.282498768196827)
 (-7.834511803480229E-002,-0.822376103539466)
 (0.655851260104745,-1.35665471035364) 
 (-0.302958588704511,0.655150293651728)
 (-4.151094433158100E-003,9.068260105646724E-003)
 (0.297248558339017,-0.645692476615813) 
 (-0.178978122272740,0.833062325149860)
 (-9.326377608747050E-003,4.371030054618759E-002)
 (0.635628674341997,-1.32583669261702)
 (-6.882157791689340E-002,0.148393053068064)
 (-0.288503854626569,0.653920418370225) 
 (1.08823733406898,1.89564286520293)
 (0.267508772294117,0.522725346410436) 
 (-0.138818561724250,-0.265118032391219)
 (0.201538025667412,-3.463995967162158E-002)
 (5.623160352641973E-002,-0.848080742009450)
 (-1.594405521561416E-002,0.241535410588409)
 (0.472010190588330,1.08495153897535) 
 (-0.176451240311338,-0.744086853281169)
 (-7.867514276577203E-002,-0.312789431353366)
 (0.454926933284139,-1.03656851568621)
 (2.733460703724163E-002,-8.441875050591713E-002)
 (0.261606159502671,-0.752787282479263) 
 (0.251060724461576,-0.472458185072467)
 (-0.138304355084442,0.798132715416523)
 (-4.948655354300713E-002,0.283802327229979)
 (0.269804254434403,-0.550188446985001)
 (2.948564124118309E-002,-0.147961099337095)
 (-0.166290151217481,0.843968410205481) 
 (0.497724567930003,-1.10549693706932)
 (-0.207873671622309,0.550392656507160) 
 (-0.178183128059210,0.480327449727429)
 (0.553235855038948,-1.20902925365145) 
 (0.277522081644425,-0.690133193200947)
 (-5.842224189404700E-002,0.140292109222749)
 (0.208794489999029,-0.112720389348492)
 (-3.928668138002853E-002,0.514909624673087)
 (5.471096608165459E-002,-0.723008586951526)
 (0.253953863454461,-0.481602855518507) 
 (0.144732317840083,-0.818651231769773)
 (-3.793316471837695E-002,0.218192779321338)
 (0.627363399818093,-1.31801115154628) 
 (0.250786073763727,-0.564582157941403)
 (-0.161252653217370,0.361295702683852) 
 (0.580879640215442,1.28001771794892)
 (-0.219831286205432,-0.746310504727166)
 (5.631006364184017E-002,0.196895858693891) 
 (0.997567916051558,1.78739192460999)
 (-0.268086910749544,-0.566063225785149) 
 (0.110646213096296,0.239076285567173)
 (0.951497756109997,-1.68547608491934) 
 (0.161266710753574,-0.277572986134848)
 (0.248256379655059,-0.425257564853768) 
 (1.59268308839395,2.23827343410357)
 (5.039117470937422E-002,7.076420046493817E-002)
 (-0.223659937370663,-0.323366531554997) 
 (0.632401340063135,1.36590842407018)
 (-0.111583396727681,-0.330463769244399) 
 (0.222383824286011,0.683914045282433)
 (0.626573862793724,1.36690044436294) 
 (-0.241421422583384,-0.747470809795726)
 (-5.595365239763350E-002,-0.175046928743481)
 (0.585415656904278,1.30132842162321) 
 (0.156623642520017,0.559703621054649)
 (0.157807885692093,0.541418829690798) 
 (0.676096815376143,1.43406308886182)
 (0.129180373547440,0.394144130014463) 
 (-0.217256984723305,-0.630400116977051)
 (1.43486511627352,2.16691617583407) 
 (-0.235284513104264,-0.366537564484211)
 (-0.118510165402494,-0.188071377527023) 
 (0.938309269595140,1.72932672490232)
 (-0.248386322718519,-0.541718022524475) 
 (-0.148095566999185,-0.333063351099585)
 (0.227589881951565,0.346566755207559)
 (2.125496851939846E-002,0.576044299160609)
 (-2.275045344213222E-002,-0.678158856516929)
 (0.899559666165748,-1.63386714479645) 
 (-0.248179608453045,0.437150781864679)
 (-0.180571688548738,0.321734287913434) 
 (1.06094070336860,-1.78525830375313)
 (0.216972232674142,-0.338676626928927) 
 (0.190592471861589,-0.295389034809246)
 (1.44221561660828,2.15621010562740) 
 (0.182313019682327,0.283297397309474)
 (-0.199487265910059,-0.315551200933539) 
 (0.278308897463494,-0.585823931865340)
 (-0.158491415533962,0.737092720352442)
 (-8.283184023661276E-002,0.392521802078571)
 (0.438741563168172,1.02281711348738)
 (-5.574327552454907E-002,-0.271822599426478)
 (0.173630441698102,0.780814156024063) 
 (1.76103283232686,2.34063144602633)
 (1.029397384458647E-002,1.391665790565592E-002)
 (0.170462190786294,0.227078904893107) 
 (0.719715775189322,1.48860948820873)
 (-0.243764807264696,-0.657400722223173) 
 (0.111720315605039,0.298335019630285)
 (0.232446593998734,-0.389738440237740) 
 (0.117885522963378,-0.813282304945864)
 (3.955407130351405E-002,-0.278375118351269)
 (1.23962994634319,-1.92109088802031)
 (-3.825370822944682E-002,5.462922821909803E-002)
 (-0.239081301064201,0.338289500833906) 
 (1.72157973491429,2.31227549847264)
 (-3.536715135608862E-002,-4.740130758939324E-002)
 (-0.183882963766647,-0.246219337547323)
 (0.205219144884065,-2.861657162213727E-002)
 (3.820410581516390E-002,-0.565921717924190)
 (-4.753096155229494E-002,0.691003314040846)
 (1.01492813437649,-1.74163868777941)
 (-8.531181712960928E-002,0.132819280863279)
 (0.285060112308617,-0.459374686790421) 
 (0.575852171878397,1.28735140676129)
 (-0.131882174249399,-0.469496263619987) 
 (0.179318310439477,0.626249500690494)
 (0.801572856161704,1.59039576609954)
 (-9.764777242438528E-002,-0.245501835524126)
 (-0.250345949894407,-0.649514315352133) 
 (0.207830776034695,-0.181579206461014)
 (-3.970492801380271E-002,0.397272721252555)
 (-8.343002424294049E-002,0.798094904349682)
 (0.500714652111229,-1.11676577577154) 
 (0.245744381779910,-0.671207982370288)
 (-0.101895221362132,0.284584072644397) 
 (1.54289159507863,2.22567867108202)
 (-0.151475418605901,-0.223403541983392) 
 (0.202919533079295,0.297500373310471)
 (1.86424568548200,2.39169332014539)
 (7.721689955630447E-002,9.914335931151810E-002)
 (-7.119511691998109E-002,-9.129699047186801E-002)
 (0.212953030039198,-0.177240922252446)
 (-9.176745342168485E-002,0.887059891426180)
 (-5.589731780522100E-004,1.546195010174217E-003)
 (0.524257310537672,-1.14817269719831) 
 (0.272476975076213,-0.700004700332260)
 (5.922769854004627E-002,-0.146149434939316)
 (0.857262891630192,-1.59318000207697)
 (-2.576774121608329E-002,5.220244128834976E-002)
 (-0.306614483865514,0.562378037207436) 
 (0.467072739861953,1.08407120230004)
 (0.125914995678579,0.514155487769531) 
 (-0.149282069597752,-0.630802372798004)
 (1.19839913176913,1.97460113990875) 
 (-0.222471948151545,-0.408711312217537)
 (-0.193641006423437,-0.346395446691165) 
 (0.718501711886621,-1.43519527106123)
 (-0.209074338302163,0.441278400031321) 
 (-0.217617468087619,0.452731815257013)
 (0.472931290682064,1.08770180555044) 
 (0.188879049627029,0.760356176409744)
 (-6.289496984386975E-002,-0.269979841710977)
 (0.757519616091966,-1.47238295419055) 
 (-0.164282099714223,0.320545892755228)
 (-0.261185006824736,0.520641401091530) 
 (0.404318886530206,-0.940949168912953)
 (0.180599096930284,-0.577480032414928) 
 (0.168417544371157,-0.535716360905226)
 (0.885787128317547,1.67397840470145) 
 (0.283568769605998,0.652599708030756)
 (-4.744329978997468E-002,-0.100600617682607)
 (0.428833198199555,0.995769270396376)
 (-8.418192709947128E-002,-0.383153192862742)
 (-0.155814769543151,-0.743269066869742) 
 (1.28261592115181,-1.95751067977237)
 (0.219758755782456,-0.302030635561950)
 (7.071947468155301E-002,-9.737390808925063E-002)
 (1.86246130721310,2.38903198492318)
 (-8.630055473319609E-002,-0.109786643585970)
 (-2.986824480443367E-002,-3.714131683613447E-002)
 (0.265228690735831,0.548974612373157)
 (2.328389349589706E-003,4.477628304562831E-002)
 (-8.166489335173349E-002,-0.884036207362924)
 (0.360077774054489,-0.839731718771149) 
 (-0.225618610459743,0.797555634366571)
 (2.622344565934530E-002,-9.544841820827256E-002)
 (0.270412786990589,-0.539605486454642) 
 (-0.155082165687426,0.819571286023813)
 (4.155093738423793E-002,-0.217507112438076)
 (0.411212290703348,0.976772625934328) 
 (0.133660320149742,0.661847593142861)
 (0.101413410574636,0.525669197245671) 
 (0.224224385814695,0.300642208797107)
 (-2.298555839434767E-002,-0.804614987827430)
 (-1.277894722539990E-002,-0.375245956811299)
 (0.326566272788154,0.757389426377421) 
 (0.110767997203580,0.776400296301394)
 (-5.779387940844392E-002,-0.377346981588553)
 (1.04017890783714,-1.76941612853640)
 (-8.561204001761398E-002,0.131905568816582)
 (-0.278807626277019,0.442831833406177) 
 (0.233861340402952,0.382268024566400)
 (3.382334568138672E-002,0.676221803982514)
 (-3.074613058225624E-002,-0.582747503584656)
 (0.857840682773271,-1.59537813468659) 
 (-0.249427862573658,0.456053605648336)
 (0.177798159753615,-0.327782031573260) 
 (0.892566056825170,1.70195697780463)
 (-0.285287093855425,-0.665226379274517)
 (4.139684358193220E-003,2.038398776519115E-002)
 (1.11951720210358,-1.82751515580421) 
 (0.278842599737176,-0.422951956428055)
 (3.377144298801800E-002,-5.560567554655764E-002)
 (1.80165321972553,2.34579369489797) 
 (0.109180672480827,0.143772063185065)
 (9.522193435072328E-002,0.121975189015456)
 (0.741404661308061,-1.46507552374348) 
 (-0.169478883127673,0.339480703519731)
 (0.258355296675912,-0.527280307988507) 
 (0.575820164308316,-1.22988274826240)
 (-0.117107351396800,0.288208079548109) 
 (0.260626270901410,-0.630317732557456)
 (1.05178061804240,-1.79322207088067) 
 (-0.194613448211354,0.307204882796485)
 (0.214482628577066,-0.333671915848072) 
 (0.362923491151216,0.844101603933669)
 (-9.327598030752918E-002,-0.531711461869783)
 (0.116655037463709,0.672212900130320) 
 (0.657798377755909,1.40218417738039)
 (-0.251622306561359,-0.749459307051941)
 (2.589337561369101E-002,7.055938769342956E-002)
 (1.26540344673867,-1.93771559069079) 
 (0.217956858878488,-0.301703893881636)
 (-8.879801700114655E-002,0.125106679554428)
 (0.916263948775830,1.70782193318198) 
 (0.212224029118136,0.489115424261945)
 (-0.189606323318609,-0.424211412944863) 
 (0.477552783198588,1.10286106824592)
 (0.148202228604048,0.611066598319944) 
 (-0.133818861391777,-0.534491718924303)
 (0.759826710397805,-1.49734775971541) 
 (0.302126204134281,-0.604468367668769)
 (2.776608438108516E-002,-6.307780823500878E-002)
 (0.449390484039999,-1.02461174737858) 
 (-0.213548756350134,0.638376642442548)
 (-0.134162034877898,0.395467612611548) 
 (0.279409353464118,-0.561780959871436)
 (0.176297560803537,-0.837094040144091)
 (2.615823741222644E-002,-0.123441450642957)
 (0.287320158211040,0.613924689901567)
 (-2.554172317198817E-002,-0.193952065541198)
 (-9.864011032983190E-002,-0.843987006463036)
 (1.05905901560360,1.85849139426146) 
 (0.288475553233887,0.580665266492142)
 (5.510202506821067E-002,0.119226758638224) 
 (1.48252506040593,2.20247172689204)
 (0.260668697758468,0.397787023501090)
 (2.139277209641336E-002,3.218396194496306E-002)
 (0.328964800493722,0.758912025963355) 
 (0.104985931254779,0.707145455693446)
 (-6.925199004846723E-002,-0.492295135185517)
 (1.38798532253679,-2.02841544447453) 
 (0.175583648529427,-0.222066381712648)
 (-3.793442873073267E-003,4.976716609762502E-003)
 (1.10905939996077,-1.82448559118668) 
 (0.275052149426282,-0.420787790771411)
 (-4.891505895949054E-002,8.023816586823010E-002)
 (0.998876313379709,-1.73412063023462) 
 (-0.135986731749929,0.224929460387522)
 (-0.260521361507590,0.433856687963938) 
 (1.39189678605134,2.10660233603838)
 (-0.230131427581663,-0.371660820773835) 
 (0.159179713366777,0.258325835762001)
 (0.423945815568091,-0.990347174284286) 
 (0.241074936753150,-0.767433734913077)
 (2.450012593067565E-002,-8.544510143460679E-002)
 (0.219317443136288,-0.243394942679224)
 (6.064182083512124E-003,-4.600505852784181E-002)
 (-0.100920400698242,0.875419061664323) 
 (0.448435327861136,1.03861283672637)
 (0.169505215593008,0.735633152263637)
 (8.789464050328744E-002,0.373939363552730) 
 (0.893240878762553,1.70427405930253)
 (0.269181957432535,0.631024077160938)
 (-8.668239717358038E-002,-0.212502722360318)
 (1.28000430285143,2.03814532293650) 
 (0.268853216703702,0.467127191866069)
 (0.102206807815027,0.170829547134833) 
 (1.09411886420181,-1.83087593313960)
 (-0.193933043836157,0.300088830319813) 
 (-0.202644827144391,0.308294906057991)
 (1.90771036133401,2.42699932917914)
 (-4.791566813856834E-002,-6.019484079470017E-002)
 (2.505268804038348E-002,2.986799799133786E-002)
 (0.239846937204410,0.416737473221360)
 (-3.627924931251467E-003,-9.875493947358505E-002)
 (-3.930960028795705E-002,-0.902564026828485)
 (0.296089755386975,0.648033206427509)
 (-9.324287046687418E-002,-0.861590275809039)
 (-1.730683750460196E-002,-0.143961326225108)
 (0.201890055092642,2.210091705411667E-002)
 (4.254326176153537E-002,-0.844010689368505)
 (1.418698701106025E-002,-0.284560259309253)
 (0.396366644033249,-0.912978596075060) 
 (-0.120256218024724,0.381198797541361)
 (0.207875605668634,-0.677084108639844) 
 (0.957221403957936,-1.70306989738211)
 (-0.148075938701877,0.253577178693228) 
 (0.256392138915706,-0.440360211413009)
 (0.658740790359120,1.41332166166398) 
 (0.205686459677302,0.611363778740274)
 (-0.140806754395517,-0.434762128837086) 
 (0.665846528542802,1.40208403484426)
 (0.227202294959775,0.676590853091062) 
 (-0.111665988496713,-0.318045174871877)
 (1.64059471041971,2.28644309503972) 
 (9.703034523083642E-002,0.139499831665091)
 (-0.199590018217079,-0.281914487866167) 
 (0.594181548607930,1.32986292045481)
 (-7.276107550263262E-002,-0.248291179262789)
 (-0.226951338706757,-0.749254219087065) 
 (0.296322113503332,-0.621712696137818)
 (0.186433174765222,-0.831337299380557)
 (-2.578052354783562E-002,0.115548312413854)
 (0.524143799449913,1.17845607294255) 
 (-0.207973265481199,-0.792389580572092)
 (-1.382750204930837E-002,-4.742887482412759E-002)
 (0.320283605970126,0.748037080463909) 
 (-0.116017108423175,-0.831137453549862)
 (-3.435632508999755E-002,-0.274220898998467)
 (1.86245854797210,2.39889132441984)
 (-2.096880973468225E-002,-2.661307221145260E-002)
 (-0.111015974560935,-0.142440811566604) 
 (1.32434751896225,2.07915150693743)
 (0.280530801079459,0.476618606096343)
 (-4.413411882858673E-002,-6.994245582017915E-002)
 (1.08750299528523,1.88162878434853) 
 (0.296844580601634,0.582784958921515)
 (-9.748395156343256E-003,-2.634430769186081E-002)
 (0.499944448891553,1.15167623492468)
 (-2.908710988215226E-002,-0.127918078273191)
 (-0.197327201981272,-0.806421289322553) 
 (0.439607071602233,-1.01027832791228)
 (0.249532811708241,-0.764864470854311)
 (-1.826154183894564E-002,6.655166721953729E-002)
 (0.215815892479264,0.205471833090074)
 (-6.930115619341168E-003,-0.886546734854533)
 (-1.350083674453647E-003,-0.140898035894473)
 (1.91010014827946,2.42699739593677)
 (5.483713462489932E-002,6.860595066073050E-002)
 (2.333227266129715E-002,2.950820975881309E-002)
 (0.235708545546469,0.410917301856707)
 (1.626047144676023E-002,0.193337977626566)
 (5.905636847435101E-002,0.831553972812590)
